skymodel/snr/test/old/ctadc_skymodel_gps_sources_snr_3.ecsv
# %ECSV 0.9
# ---
# datatype:
# - {name: Simulation_number, unit: '', datatype: float64, format: '%i', description: Simulation
#     number}
# - {name: n0, unit: 1 / cm3, datatype: float64, format: '%0.4f', description: density}
# - {name: type, unit: '', datatype: float64, format: '%i', description: type of progenitor}
# - {name: age, unit: kyear, datatype: float64, format: '%0.4f', description: age of
#     the SNR}
# - {name: sigma, unit: arcmin, datatype: float64, format: '%0.4f', description: apparent
#     size of the SNR}
# - {name: size_physical, unit: pc, datatype: float64, format: '%0.4f', description: SNR
#     Radius}
# - {name: flux_1_10, unit: 1 / (cm2 s), datatype: float64, format: '%0.4e', description: Integral
#     flux from 1 to 10 TeV}
# - {name: '0.1', unit: 1 / (cm2 s TeV), datatype: float64, description: Differential
#     spectrum}
# - {name: '0.11514', unit: 1 / (cm2 s TeV), datatype: float64, description: Differential
#     spectrum}
# - {name: '0.132571', unit: 1 / (cm2 s TeV), datatype: float64, description: Differential
#     spectrum}
# - {name: '0.152642', unit: 1 / (cm2 s TeV), datatype: float64, description: Differential
#     spectrum}
# - {name: '0.175751', unit: 1 / (cm2 s TeV), datatype: float64, description: Differential
#     spectrum}
# - {name: '0.202359', unit: 1 / (cm2 s TeV), datatype: float64, description: Differential
#     spectrum}
# - {name: '0.232995', unit: 1 / (cm2 s TeV), datatype: float64, description: Differential
#     spectrum}
# - {name: '0.26827', unit: 1 / (cm2 s TeV), datatype: float64, description: Differential
#     spectrum}
# - {name: '0.308884', unit: 1 / (cm2 s TeV), datatype: float64, description: Differential
#     spectrum}
# - {name: '0.355648', unit: 1 / (cm2 s TeV), datatype: float64, description: Differential
#     spectrum}
# - {name: '0.409492', unit: 1 / (cm2 s TeV), datatype: float64, description: Differential
#     spectrum}
# - {name: '0.471487', unit: 1 / (cm2 s TeV), datatype: float64, description: Differential
#     spectrum}
# - {name: '0.542868', unit: 1 / (cm2 s TeV), datatype: float64, description: Differential
#     spectrum}
# - {name: '0.625055', unit: 1 / (cm2 s TeV), datatype: float64, description: Differential
#     spectrum}
# - {name: '0.719686', unit: 1 / (cm2 s TeV), datatype: float64, description: Differential
#     spectrum}
# - {name: '0.828643', unit: 1 / (cm2 s TeV), datatype: float64, description: Differential
#     spectrum}
# - {name: '0.954095', unit: 1 / (cm2 s TeV), datatype: float64, description: Differential
#     spectrum}
# - {name: '1.09854', unit: 1 / (cm2 s TeV), datatype: float64, description: Differential
#     spectrum}
# - {name: '1.26486', unit: 1 / (cm2 s TeV), datatype: float64, description: Differential
#     spectrum}
# - {name: '1.45635', unit: 1 / (cm2 s TeV), datatype: float64, description: Differential
#     spectrum}
# - {name: '1.67683', unit: 1 / (cm2 s TeV), datatype: float64, description: Differential
#     spectrum}
# - {name: '1.9307', unit: 1 / (cm2 s TeV), datatype: float64, description: Differential
#     spectrum}
# - {name: '2.223', unit: 1 / (cm2 s TeV), datatype: float64, description: Differential
#     spectrum}
# - {name: '2.55955', unit: 1 / (cm2 s TeV), datatype: float64, description: Differential
#     spectrum}
[...]
#     from Earth}
# - {name: glon, unit: deg, datatype: float64, format: '%.5f', description: Galactic
#     longitude}
# - {name: glat, unit: deg, datatype: float64, format: '%.5f', description: Galactic
#     latitude}
# - {name: skip, datatype: float64, format: '%.d', description: 'Skip boolean, 1 skip
#     0 keep'}
# meta: !!omap
# - simulation_parameters:
#   - {description: Spectral index, name: alpha, value: 4.1}
#   - {description: Electron to proton ratio, name: Kep, value: 0.01}
#   - {description: CR efficiency, name: xi, value: 0.1}
# - energy_array: [0.1, 0.11514, 0.132571, 0.152642, 0.175751, 0.202359, 0.232995, 0.26827,
#     0.308884, 0.355648, 0.409492, 0.471487, 0.542868, 0.625055, 0.719686, 0.828643,
#     0.954095, 1.09854, 1.26486, 1.45635, 1.67683, 1.9307, 2.223, 2.55955, 2.94705,
#     3.39322, 3.90694, 4.49843, 5.17947, 5.96362, 6.86649, 7.90604, 9.10298, 10.4811,
#     12.0679, 13.895, 15.9986, 18.4207, 21.2095, 24.4205, 28.1177, 32.3746, 37.2759,
#     42.9193, 49.4171, 56.8987, 65.5129, 75.4312, 86.8511, 100.0]
# schema: astropy-2.0
Simulation_number n0 type age sigma size_physical flux_1_10 0.1 0.11514 0.132571 0.152642 0.175751 0.202359 0.232995 0.26827 0.308884 0.355648 0.409492 0.471487 0.542868 0.625055 0.719686 0.828643 0.954095 1.09854 1.26486 1.45635 1.67683 1.9307 2.223 2.55955 2.94705 3.39322 3.90694 4.49843 5.17947 5.96362 6.86649 7.90604 9.10298 10.4811 12.0679 13.895 15.9986 18.4207 21.2095 24.4205 28.1177 32.3746 37.2759 42.9193 49.4171 56.8987 65.5129 75.4312 86.8511 100.0 galactocentric_x galactocentric_y galactocentric_z galactocentric_r distance glon glat skip
[from data line 138]
0 0.2664 2 9.5143 25.1312 31.2910 2.3454e-13 2.24195e-11 1.77017e-11 1.39633e-11 1.09983e-11 8.64572e-12 6.78703e-12 5.3159e-12 4.15162e-12 3.23529e-12 2.51494e-12 1.94506e-12 1.49899e-12 1.15079e-12 8.79742e-13 6.67009e-13 5.02491e-13 3.75906e-13 2.78992e-13 2.05206e-13 1.49396e-13 1.07483e-13 7.62758e-14 5.34437e-14 3.69504e-14 2.51997e-14 1.6948e-14 1.12371e-14 7.34056e-15 4.71876e-15 2.97981e-15 1.84412e-15 1.11537e-15 6.5714e-16 3.75694e-16 2.07475e-16 1.10074e-16 5.57376e-17 2.67241e-17 1.20153e-17 5.00557e-18 1.90379e-18 6.48906e-19 1.93645e-19 4.91208e-20 1.02044e-20 1.65844e-21 2.0036e-22 1.76914e-23 1.47024e-24 2.23028e-25 6.23973 -2.65943 -0.48949 6.78283 8.56073 46.89249 -3.27787 0
0 0.4272 1 12.6805 7.8019 14.0330 9.0129e-15 1.16054e-11 8.49856e-12 6.18209e-12 4.46417e-12 3.19787e-12 2.27084e-12 1.59736e-12 1.11222e-12 7.66015e-13 5.21499e-13 3.50737e-13 2.32928e-13 1.52709e-13 9.8841e-14 6.31893e-14 3.99421e-14 2.50056e-14 1.55428e-14 9.62208e-15 5.954e-15 3.69545e-15 2.30686e-15 1.45014e-15 9.17422e-16 5.82736e-16 3.70325e-16 2.34521e-16 1.47447e-16 9.17406e-17 5.63435e-17 3.40864e-17 2.02764e-17 1.18392e-17 6.77302e-18 3.78891e-18 2.06805e-18 1.09863e-18 5.66475e-19 2.8262e-19 1.35955e-19 6.28116e-20 2.77453e-20 1.1658e-20 4.63228e-21 1.72876e-21 6.01036e-22 1.92695e-22 5.61963e-23 1.46056e-23 3.26604e-24 4.48525 3.02338 -0.17417 5.40909 12.36673 21.26750 -0.80698 0
0 0.4511 3 2.4699 8.0633 14.8658 1.2071e-13 6.05492e-12 4.80718e-12 3.8146e-12 3.02552e-12 2.39818e-12 1.89969e-12 1.50382e-12 1.18934e-12 9.39833e-13 7.41954e-13 5.84988e-13 4.60688e-13 3.62335e-13 2.84435e-13 2.22903e-13 1.7436e-13 1.36088e-13 1.059e-13 8.21773e-14 6.35694e-14 4.90025e-14 3.76238e-14 2.87312e-14 2.1817e-14 1.64642e-14 1.23366e-14 9.16865e-15 6.75066e-15 4.91728e-15 3.53827e-15 2.51099e-15 1.75458e-15 1.20524e-15 8.12484e-16 5.36185e-16 3.469e-16 2.19894e-16 1.364e-16 8.26051e-17 4.86722e-17 2.77755e-17 1.52667e-17 8.02761e-18 4.00455e-18 1.87562e-18 8.14231e-19 3.22362e-19 1.14075e-19 3.52106e-20 9.2318e-21 4.47560 3.35833 0.15962 5.59548 12.67582 20.67763 0.72150 0
0 0.3900 1 29.6264 10.5888 20.1041 1.8589e-15 7.42719e-12 5.24417e-12 3.66665e-12 2.53655e-12 1.7347e-12 1.17179e-12 7.81228e-13 5.13627e-13 3.32806e-13 2.12428e-13 1.33539e-13 8.26783e-14 5.04502e-14 3.0379e-14 1.80883e-14 1.0676e-14 6.26418e-15 3.66622e-15 2.14592e-15 1.25786e-15 7.38017e-16 4.32403e-16 2.5202e-16 1.45446e-16 8.2727e-17 4.61725e-17 2.51912e-17 1.33895e-17 6.91076e-18 3.45221e-18 1.6631e-18 7.69565e-19 3.4049e-19 1.433e-19 5.70277e-20 2.13113e-20 7.4169e-21 2.37918e-21 6.93718e-22 1.80045e-22 4.01074e-23 7.12844e-24 8.523e-25 4.15709e-26 4.96118e-29 6.39644e-129 5.12552e-160 2.66556e-197 4.28391e-241 8.07838e-301 3.58697 4.04870 -0.26426 5.40910 13.05397 15.95226 -1.15997 0
0 0.3875 1 34.7712 14.1940 21.4660 1.9587e-15 1.06218e-11 7.42407e-12 5.13421e-12 3.51019e-12 2.37019e-12 1.57938e-12 1.03781e-12 6.7183e-13 4.28222e-13 2.68667e-13 1.65933e-13 1.00856e-13 6.03951e-14 3.56899e-14 2.08619e-14 1.20976e-14 6.98025e-15 4.01534e-15 2.30914e-15 1.32799e-15 7.62436e-16 4.35429e-16 2.46188e-16 1.37095e-16 7.48284e-17 3.98583e-17 2.06394e-17 1.03516e-17 5.00988e-18 2.33026e-18 1.037e-18 4.39272e-19 1.76083e-19 6.6339e-20 2.33002e-20 7.55294e-21 2.22954e-21 5.87502e-22 1.33579e-22 2.45004e-23 3.10527e-24 1.75081e-25 4.91068e-28 1.93115e-97 4.46996e-117 9.24462e-144 1.20299e-179 5.3568e-219 7.37437e-270 0.0 1.18096 1.83050 -0.06841 2.17839 10.39801 6.52162 -0.37694 0
0 1.3279 1 32.7178 13.2307 16.3820 1.5795e-14 2.23941e-11 1.56094e-11 1.08243e-11 7.46918e-12 5.13022e-12 3.50877e-12 2.39064e-12 1.62327e-12 1.09883e-12 7.41687e-13 4.99175e-13 3.34902e-13 2.23867e-13 1.48983e-13 9.86141e-14 6.48504e-14 4.23195e-14 2.73712e-14 1.75244e-14 1.10935e-14 6.93494e-15 4.27592e-15 2.59694e-15 1.55141e-15 9.10233e-16 5.23591e-16 2.94724e-16 1.6199e-16 8.67304e-17 4.51117e-17 2.2726e-17 1.10506e-17 5.16644e-18 2.31227e-18 9.85719e-19 3.97966e-19 1.51157e-19 5.35886e-20 1.75616e-20 5.25231e-21 1.40714e-21 3.27337e-22 6.22557e-23 8.4601e-24 5.69847e-25 3.99199e-27 1.15751e-301 0.0 0.0 0.0 2.63083 -0.40365 0.01502 2.66162 8.51307 18.00107 0.10106 0
0 0.5177 1 19.7972 8.2165 16.1595 4.6587e-15 8.45147e-12 6.05036e-12 4.2967e-12 3.02489e-12 2.10973e-12 1.45687e-12 9.95524e-13 6.72854e-13 4.49664e-13 2.971e-13 1.94101e-13 1.25453e-13 8.0291e-14 5.09561e-14 3.21283e-14 2.01712e-14 1.26409e-14 7.92491e-15 4.97806e-15 3.13476e-15 1.9775e-15 1.24732e-15 7.84532e-16 4.90522e-16 3.03933e-16 1.86099e-16 1.12328e-16 6.66928e-17 3.88733e-17 2.22003e-17 1.23967e-17 6.75332e-18 3.5802e-18 1.84185e-18 9.16621e-19 4.3971e-19 2.02506e-19 8.91289e-20 3.72948e-20 1.47478e-20 5.47289e-21 1.89009e-21 6.01122e-22 1.73567e-22 4.45229e-23 9.76905e-24 1.69839e-24 1.95522e-25 8.75447e-27 6.26416e-30 -1.54083 4.93331 0.13741 5.16834 13.52209 -6.54335 0.58226 0
0 0.2063 1 3.2940 8.2463 9.3419 1.0881e-13 3.36151e-11 2.58164e-11 1.97669e-11 1.50833e-11 1.14651e-11 8.67743e-12 6.53608e-12 4.89692e-12 3.64717e-12 2.69861e-12 1.98234e-12 1.44458e-12 1.04347e-12 7.46464e-13 5.28333e-13 3.69595e-13 2.55255e-13 1.73832e-13 1.16584e-13 7.69e-14 4.98202e-14 3.16606e-14 1.97142e-14 1.20186e-14 7.17312e-15 4.19552e-15 2.41159e-15 1.36951e-15 7.74828e-16 4.41637e-16 2.56634e-16 1.53395e-16 9.45152e-17 5.97135e-17 3.83018e-17 2.46853e-17 1.58569e-17 1.00994e-17 6.35861e-18 3.95023e-18 2.41807e-18 1.45651e-18 8.62025e-19 5.00484e-19 2.84541e-19 1.58094e-19 8.56515e-20 4.51357e-20 2.30706e-20 1.14022e-20 2.74863 -1.21465 0.19219 3.00505 7.78898 20.67058 1.41391 0
0 0.3472 1 3.9820 22.9159 9.1284 5.7476e-13 2.77858e-10 2.10413e-10 1.58724e-10 1.19212e-10 8.9101e-11 6.62348e-11 4.89409e-11 3.59223e-11 2.61738e-11 1.89177e-11 1.35529e-11 9.61635e-12 6.75208e-12 4.68746e-12 3.21464e-12 2.17598e-12 1.45268e-12 9.55874e-13 6.19698e-13 3.95832e-13 2.4926e-13 1.54965e-13 9.53586e-14 5.83072e-14 3.56108e-14 2.18562e-14 1.35604e-14 8.54126e-15 5.46889e-15 3.55236e-15 2.3301e-15 1.53466e-15 1.00951e-15 6.6046e-16 4.28494e-16 2.75138e-16 1.74606e-16 1.09385e-16 6.75683e-17 4.1103e-17 2.45897e-17 1.44452e-17 8.31862e-18 4.68728e-18 2.57884e-18 1.38212e-18 7.19694e-19 3.63042e-19 1.76823e-19 8.28482e-20 1.65635 -10.67880 0.10141 10.80649 2.73879 142.75747 2.12200 0
0 0.0528 2 4.8401 16.3100 16.3151 2.3661e-14 1.01673e-11 7.81688e-12 5.98742e-12 4.5642e-12 3.4626e-12 2.61377e-12 1.96e-12 1.46018e-12 1.08036e-12 7.92725e-13 5.76057e-13 4.14562e-13 2.95221e-13 2.0766e-13 1.43798e-13 9.80468e-14 6.57118e-14 4.31994e-14 2.77865e-14 1.74334e-14 1.06286e-14 6.26576e-15 3.56725e-15 1.95452e-15 1.027e-15 5.15637e-16 2.46346e-16 1.11396e-16 4.73561e-17 1.87654e-17 6.86406e-18 2.29372e-18 6.9375e-19 1.89297e-19 4.73237e-20 1.14899e-20 3.0212e-21 9.25878e-22 3.12666e-22 1.05065e-22 3.3049e-23 9.44938e-24 2.39424e-24 5.16148e-25 8.71337e-26 9.44388e-27 3.55849e-28 5.12606e-32 4.43825e-60 1.23022e-70 1.22722 -1.76103 -0.61862 2.14646 6.87768 10.32092 -5.16049 0
0 0.4188 1 39.3152 15.1458 22.2038 1.6204e-15 1.03582e-11 7.16188e-12 4.89698e-12 3.30798e-12 2.20586e-12 1.45108e-12 9.40959e-13 6.00981e-13 3.78021e-13 2.34208e-13 1.42927e-13 8.59469e-14 5.10235e-14 2.99696e-14 1.7462e-14 1.0119e-14 5.83981e-15 3.36393e-15 1.93465e-15 1.10882e-15 6.311e-16 3.5509e-16 1.9655e-16 1.06534e-16 5.63059e-17 2.89063e-17 1.43609e-17 6.87779e-18 3.16212e-18 1.38911e-18 5.79985e-19 2.2875e-19 8.46184e-20 2.9107e-20 9.20997e-21 2.64132e-21 6.71097e-22 1.45052e-22 2.45259e-23 2.64864e-24 9.66186e-26 7.58719e-30 1.25204e-91 1.62144e-108 1.09027e-131 4.83667e-163 2.59384e-203 4.24634e-247 4.74909e-307 0.0 -3.00067 1.12182 0.11221 3.20351 10.07949 -17.32066 0.63786 0
0 2.5357 2 5.3636 11.3884 19.6516 1.7470e-13 1.14837e-11 9.0923e-12 7.19354e-12 5.68618e-12 4.48996e-12 3.54181e-12 2.78995e-12 2.19468e-12 1.724e-12 1.35145e-12 1.05741e-12 8.25682e-13 6.42991e-13 4.99257e-13 3.86508e-13 2.9826e-13 2.29161e-13 1.75235e-13 1.33342e-13 1.00908e-13 7.58896e-14 5.66724e-14 4.19521e-14 3.07421e-14 2.22857e-14 1.59578e-14 1.12675e-14 7.83014e-15 5.34464e-15 3.57576e-15 2.3401e-15 1.49422e-15 9.29563e-16 5.63226e-16 3.31738e-16 1.89367e-16 1.04305e-16 5.51216e-17 2.77533e-17 1.32004e-17 5.86993e-18 2.40972e-18 8.9945e-19 2.99931e-19 8.7794e-20 2.24007e-20 5.18923e-21 1.29372e-21 4.40783e-22 1.9546e-22 -2.08318 3.17991 -0.03300 3.80151 11.86428 -10.11270 -0.15938 0
0 0.8233 1 31.2184 9.8538 17.6866 4.4378e-15 8.81779e-12 6.13269e-12 4.23174e-12 2.89666e-12 1.96689e-12 1.32505e-12 8.85946e-13 5.88235e-13 3.88141e-13 2.54754e-13 1.66487e-13 1.08438e-13 7.04453e-14 4.56631e-14 2.95319e-14 1.90441e-14 1.22316e-14 7.81241e-15 4.95299e-15 3.11091e-15 1.932e-15 1.18418e-15 7.15062e-16 4.24643e-16 2.47567e-16 1.41429e-16 7.90112e-17 4.30693e-17 2.28503e-17 1.17664e-17 5.86202e-18 2.81551e-18 1.29844e-18 5.72334e-19 2.39868e-19 9.50123e-20 3.53203e-20 1.22197e-20 3.89323e-21 1.1261e-21 2.89356e-22 6.35846e-23 1.10621e-23 1.26994e-24 5.57367e-26 3.12511e-29 1.48772e-233 4.28215e-287 0.0 0.0 9.96350 -1.21814 0.01920 10.03769 12.34087 53.83866 0.08915 0
0 0.0369 1 19.4231 19.8127 27.1179 8.1144e-15 1.68287e-11 1.24852e-11 9.19525e-12 6.71807e-12 4.86514e-12 3.4893e-12 2.47608e-12 1.73669e-12 1.20257e-12 8.21067e-13 5.5199e-13 3.64815e-13 2.36628e-13 1.50344e-13 9.33742e-14 5.65458e-14 3.33005e-14 1.90145e-14 1.04917e-14 5.5732e-15 2.8383e-15 1.37945e-15 6.36595e-16 2.77397e-16 1.13592e-16 4.36066e-17 1.57287e-17 5.40257e-18 1.8306e-18 6.43795e-19 2.43488e-19 9.78317e-20 3.99266e-20 1.58752e-20 5.99286e-21 2.11556e-21 6.90169e-22 2.05302e-22 5.4624e-23 1.25855e-23 2.35711e-24 3.1091e-25 1.94047e-26 9.34858e-29 2.77424e-61 1.56799e-70 4.38505e-83 3.1461e-100 2.35743e-123 2.52309e-152 -0.95874 0.85991 0.18018 1.28788 9.41061 -5.84846 1.09708 0
0 0.0822 2 5.6776 13.0371 19.6516 2.5385e-14 4.68186e-12 3.66558e-12 2.8649e-12 2.22937e-12 1.73073e-12 1.34054e-12 1.0313e-12 7.9036e-13 6.033e-13 4.57693e-13 3.44121e-13 2.57029e-13 1.90579e-13 1.40132e-13 1.01817e-13 7.3089e-14 5.1902e-14 3.64338e-14 2.52666e-14 1.73034e-14 1.16992e-14 7.80732e-15 5.1396e-15 3.33412e-15 2.12805e-15 1.33374e-15 8.18936e-16 4.91304e-16 2.87096e-16 1.62823e-16 8.92437e-17 4.70386e-17 2.37019e-17 1.13372e-17 5.10438e-18 2.14118e-18 8.26457e-19 2.8909e-19 8.9953e-20 2.43458e-20 5.58577e-21 1.06058e-21 1.66707e-22 2.41126e-23 4.31761e-24 1.07745e-24 2.9048e-25 7.10856e-26 1.46553e-26 2.30368e-27 1.18318 1.79092 0.32733 2.14646 10.36388 6.55868 1.80990 0
0 1.2339 1 2.0471 6.4934 5.4109 2.2395e-13 8.55428e-11 6.35094e-11 4.69945e-11 3.46445e-11 2.54345e-11 1.85885e-11 1.35186e-11 9.78005e-12 7.03625e-12 5.03314e-12 3.57916e-12 2.53029e-12 1.77861e-12 1.24357e-12 8.65365e-13 5.99833e-13 4.14602e-13 2.86125e-13 1.97427e-13 1.36387e-13 9.44402e-14 6.55992e-14 4.57206e-14 3.1964e-14 2.23967e-14 1.57089e-14 1.10136e-14 7.70743e-15 5.37683e-15 3.73511e-15 2.58143e-15 1.77373e-15 1.21093e-15 8.20944e-16 5.52358e-16 3.68621e-16 2.43842e-16 1.59771e-16 1.03612e-16 6.64479e-17 4.2102e-17 2.63287e-17 1.6232e-17 9.85347e-18 5.88141e-18 3.44656e-18 1.97954e-18 1.11224e-18 6.10066e-19 3.25894e-19 4.44856 -4.89051 -0.08108 6.61111 5.72928 50.94468 -0.81088 0
0 0.0191 1 11.9695 18.1213 25.3542 7.3618e-14 2.16566e-11 1.67423e-11 1.28993e-11 9.90117e-12 7.56841e-12 5.75884e-12 4.35986e-12 3.28237e-12 2.45604e-12 1.82535e-12 1.34651e-12 9.8514e-13 7.14253e-13 5.12683e-13 3.63947e-13 2.55225e-13 1.76584e-13 1.20358e-13 8.06798e-14 5.30929e-14 3.42283e-14 2.15667e-14 1.3245e-14 7.90379e-15 4.56617e-15 2.54296e-15 1.35825e-15 6.91521e-16 3.33101e-16 1.50436e-16 6.30044e-17 2.41529e-17 8.35006e-18 2.56315e-18 6.89373e-19 1.61731e-19 3.38322e-20 6.8788e-21 1.60722e-21 4.66569e-22 1.48641e-22 4.56666e-23 1.27807e-23 3.1535e-24 6.54833e-25 1.03942e-25 9.94113e-27 2.59289e-28 7.65637e-36 2.06335e-60 -0.05704 1.11470 -0.30631 1.11616 9.61975 -0.33992 -1.82468 0
0 0.7964 2 7.9483 23.4092 28.5112 4.3143e-13 2.94659e-11 2.33263e-11 1.84488e-11 1.45784e-11 1.15064e-11 9.07095e-12 7.14225e-12 5.6138e-12 4.40543e-12 3.45131e-12 2.69705e-12 2.10286e-12 1.63562e-12 1.26821e-12 9.79742e-13 7.54167e-13 5.78234e-13 4.41365e-13 3.34737e-13 2.52342e-13 1.88939e-13 1.40381e-13 1.03389e-13 7.53814e-14 5.4328e-14 3.8637e-14 2.70627e-14 1.86312e-14 1.25811e-14 8.31667e-15 5.37245e-15 3.38634e-15 2.07982e-15 1.24271e-15 7.20714e-16 4.0427e-16 2.18251e-16 1.12689e-16 5.52205e-17 2.54408e-17 1.08926e-17 4.27197e-18 1.50722e-18 4.67598e-19 1.23944e-19 2.70755e-20 4.66501e-21 6.06159e-22 6.02637e-23 6.4351e-24 5.91441 -2.57274 -0.10501 6.44975 8.37399 44.93783 -0.71852 0
0 0.0065 1 7.4308 22.7366 25.6729 2.7409e-13 3.35237e-11 2.63132e-11 2.06155e-11 1.61185e-11 1.25739e-11 9.784e-12 7.59191e-12 5.87274e-12 4.52734e-12 3.47696e-12 2.65909e-12 2.02421e-12 1.53304e-12 1.15448e-12 8.63968e-13 6.421e-13 4.73554e-13 3.46296e-13 2.50864e-13 1.79846e-13 1.27444e-13 8.9151e-14 6.14738e-14 4.17144e-14 2.78026e-14 1.81612e-14 1.15976e-14 7.21913e-15 4.36528e-15 2.55383e-15 1.4386e-15 7.75792e-16 3.97708e-16 1.92164e-16 8.65887e-17 3.59074e-17 1.34543e-17 4.43994e-18 1.2682e-18 3.06067e-19 6.07484e-20 9.60688e-21 1.18836e-21 1.26982e-22 1.79011e-23 4.13003e-24 1.05056e-24 2.36162e-25 4.27858e-26 5.34075e-27 0.18035 -0.75139 -0.44444 0.77273 7.76344 1.33334 -3.28188 0
0 0.3550 1 27.5862 14.4663 19.9064 3.8812e-15 1.47462e-11 1.04847e-11 7.38447e-12 5.14761e-12 3.54843e-12 2.41667e-12 1.62462e-12 1.07711e-12 7.03693e-13 4.52668e-13 2.86562e-13 1.78479e-13 1.0938e-13 6.59888e-14 3.92463e-14 2.30602e-14 1.34267e-14 7.77509e-15 4.4946e-15 2.60083e-15 1.50915e-15 8.77725e-16 5.10283e-16 2.95247e-16 1.69133e-16 9.54323e-17 5.27922e-17 2.85181e-17 1.49909e-17 7.64271e-18 3.76607e-18 1.78699e-18 8.13057e-19 3.53031e-19 1.45488e-19 5.655e-20 2.05785e-20 6.94831e-21 2.15204e-21 6.01665e-22 1.48026e-22 3.05845e-23 4.80593e-24 4.48053e-25 1.06214e-26 1.36977e-117 3.69553e-145 6.77718e-181 1.63573e-219 2.38075e-272 -9.44486 -7.94823 0.04560 12.34422 9.46107 -86.65657 0.27618 0
0 1.4895 1 28.5838 16.8961 15.1666 4.2907e-14 4.85341e-11 3.40529e-11 2.37845e-11 1.65408e-11 1.14569e-11 7.9065e-12 5.43835e-12 3.7297e-12 2.55111e-12 1.74059e-12 1.18458e-12 8.03936e-13 5.43827e-13 3.66421e-13 2.45699e-13 1.63796e-13 1.08448e-13 7.1235e-14 4.63721e-14 2.98852e-14 1.90474e-14 1.19931e-14 7.45171e-15 4.56336e-15 2.75071e-15 1.62968e-15 9.47448e-16 5.3953e-16 3.00335e-16 1.63059e-16 8.61248e-17 4.41283e-17 2.18632e-17 1.04363e-17 4.78003e-18 2.09094e-18 8.68903e-19 3.40922e-19 1.25394e-19 4.28635e-20 1.3469e-20 3.83261e-21 9.64797e-22 2.06087e-22 3.42711e-23 3.60346e-24 1.24492e-25 6.28118e-30 0.0 0.0 4.05898 -3.85149 -0.07861 5.59547 6.17172 41.12677 -0.72978 0
0 0.1432 2 6.5085 15.6513 23.6705 7.0993e-14 6.87745e-12 5.43268e-12 4.28698e-12 3.37562e-12 2.65487e-12 2.08437e-12 1.63138e-12 1.27439e-12 9.93649e-13 7.7063e-13 5.9572e-13 4.58919e-13 3.52191e-13 2.68101e-13 2.0287e-13 1.52532e-13 1.13861e-13 8.4302e-14 6.18404e-14 4.48291e-14 3.21477e-14 2.28097e-14 1.60096e-14 1.11151e-14 7.63379e-15 5.1857e-15 3.4827e-15 2.31026e-15 1.5116e-15 9.73837e-16 6.16465e-16 3.82525e-16 2.32019e-16 1.3711e-16 7.86332e-17 4.35641e-17 2.31863e-17 1.17764e-17 5.66162e-18 2.55087e-18 1.06391e-18 4.04517e-19 1.37538e-19 4.08134e-20 1.02494e-20 2.09522e-21 3.32182e-22 3.8699e-23 3.27675e-24 2.69565e-25 10.34700 -7.48651 0.19322 12.77138 10.39831 84.40572 1.06472 0
