skymodel/snr/test/old/ctadc_skymodel_gps_sources_snr_3.ecsv
# %ECSV 0.9
# ---
# datatype:
# - {name: Simulation_number, unit: '', datatype: float64, format: '%i', description: Simulation
#     number}
# - {name: n0, unit: 1 / cm3, datatype: float64, format: '%0.4f', description: density}
# - {name: type, unit: '', datatype: float64, format: '%i', description: type of progenitor}
# - {name: age, unit: kyear, datatype: float64, format: '%0.4f', description: age of
#     the SNR}
# - {name: sigma, unit: arcmin, datatype: float64, format: '%0.4f', description: apparent
#     size of the SNR}
# - {name: size_physical, unit: pc, datatype: float64, format: '%0.4f', description: SNR
#     Radius}
# - {name: flux_1_10, unit: 1 / (cm2 s), datatype: float64, format: '%0.4e', description: Integral
#     flux from 1 to 10 TeV}
# - {name: '0.1', unit: 1 / (cm2 s TeV), datatype: float64, description: Differential
#     spectrum}
# - {name: '0.11514', unit: 1 / (cm2 s TeV), datatype: float64, description: Differential
#     spectrum}
# - {name: '0.132571', unit: 1 / (cm2 s TeV), datatype: float64, description: Differential
#     spectrum}
# - {name: '0.152642', unit: 1 / (cm2 s TeV), datatype: float64, description: Differential
#     spectrum}
# - {name: '0.175751', unit: 1 / (cm2 s TeV), datatype: float64, description: Differential
#     spectrum}
# - {name: '0.202359', unit: 1 / (cm2 s TeV), datatype: float64, description: Differential
#     spectrum}
# - {name: '0.232995', unit: 1 / (cm2 s TeV), datatype: float64, description: Differential
#     spectrum}
# - {name: '0.26827', unit: 1 / (cm2 s TeV), datatype: float64, description: Differential
#     spectrum}
# - {name: '0.308884', unit: 1 / (cm2 s TeV), datatype: float64, description: Differential
#     spectrum}
# - {name: '0.355648', unit: 1 / (cm2 s TeV), datatype: float64, description: Differential
#     spectrum}
# - {name: '0.409492', unit: 1 / (cm2 s TeV), datatype: float64, description: Differential
#     spectrum}
# - {name: '0.471487', unit: 1 / (cm2 s TeV), datatype: float64, description: Differential
#     spectrum}
# - {name: '0.542868', unit: 1 / (cm2 s TeV), datatype: float64, description: Differential
#     spectrum}
# - {name: '0.625055', unit: 1 / (cm2 s TeV), datatype: float64, description: Differential
#     spectrum}
# - {name: '0.719686', unit: 1 / (cm2 s TeV), datatype: float64, description: Differential
#     spectrum}
# - {name: '0.828643', unit: 1 / (cm2 s TeV), datatype: float64, description: Differential
#     spectrum}
# - {name: '0.954095', unit: 1 / (cm2 s TeV), datatype: float64, description: Differential
#     spectrum}
# - {name: '1.09854', unit: 1 / (cm2 s TeV), datatype: float64, description: Differential
#     spectrum}
# - {name: '1.26486', unit: 1 / (cm2 s TeV), datatype: float64, description: Differential
#     spectrum}
# - {name: '1.45635', unit: 1 / (cm2 s TeV), datatype: float64, description: Differential
#     spectrum}
# - {name: '1.67683', unit: 1 / (cm2 s TeV), datatype: float64, description: Differential
#     spectrum}
# - {name: '1.9307', unit: 1 / (cm2 s TeV), datatype: float64, description: Differential
#     spectrum}
# - {name: '2.223', unit: 1 / (cm2 s TeV), datatype: float64, description: Differential
#     spectrum}
# - {name: '2.55955', unit: 1 / (cm2 s TeV), datatype: float64, description: Differential
#     spectrum}
[...]
#     from Earth}
# - {name: glon, unit: deg, datatype: float64, format: '%.5f', description: Galactic
#     longitude}
# - {name: glat, unit: deg, datatype: float64, format: '%.5f', description: Galactic
#     latitude}
# - {name: skip, datatype: float64, format: '%.d', description: 'Skip boolean, 1 skip
#     0 keep'}
# meta: !!omap
# - simulation_parameters:
#   - {description: Spectral index, name: alpha, value: 4.1}
#   - {description: Electron to proton ratio, name: Kep, value: 0.01}
#   - {description: CR efficiency, name: xi, value: 0.1}
# - energy_array: [0.1, 0.11514, 0.132571, 0.152642, 0.175751, 0.202359, 0.232995, 0.26827,
#     0.308884, 0.355648, 0.409492, 0.471487, 0.542868, 0.625055, 0.719686, 0.828643,
#     0.954095, 1.09854, 1.26486, 1.45635, 1.67683, 1.9307, 2.223, 2.55955, 2.94705,
#     3.39322, 3.90694, 4.49843, 5.17947, 5.96362, 6.86649, 7.90604, 9.10298, 10.4811,
#     12.0679, 13.895, 15.9986, 18.4207, 21.2095, 24.4205, 28.1177, 32.3746, 37.2759,
#     42.9193, 49.4171, 56.8987, 65.5129, 75.4312, 86.8511, 100.0]
# schema: astropy-2.0
Simulation_number n0 type age sigma size_physical flux_1_10 0.1 0.11514 0.132571 0.152642 0.175751 0.202359 0.232995 0.26827 0.308884 0.355648 0.409492 0.471487 0.542868 0.625055 0.719686 0.828643 0.954095 1.09854 1.26486 1.45635 1.67683 1.9307 2.223 2.55955 2.94705 3.39322 3.90694 4.49843 5.17947 5.96362 6.86649 7.90604 9.10298 10.4811 12.0679 13.895 15.9986 18.4207 21.2095 24.4205 28.1177 32.3746 37.2759 42.9193 49.4171 56.8987 65.5129 75.4312 86.8511 100.0 galactocentric_x galactocentric_y galactocentric_z galactocentric_r distance glon glat skip
[from data line 298]
0 0.0020 2 11.1414 20.3768 25.9783 1.4327e-13 2.52833e-11 1.97624e-11 1.54146e-11 1.1991e-11 9.2993e-12 7.1912e-12 5.53957e-12 4.24921e-12 3.24623e-12 2.46815e-12 1.86428e-12 1.39984e-12 1.0444e-12 7.73422e-13 5.66683e-13 4.11196e-13 2.95163e-13 2.09314e-13 1.464e-13 1.00791e-13 6.80283e-14 4.49775e-14 2.90866e-14 1.83588e-14 1.1286e-14 6.74402e-15 3.9095e-15 2.19351e-15 1.18748e-15 6.17653e-16 3.0696e-16 1.44766e-16 6.42605e-17 2.6586e-17 1.0131e-17 3.50533e-18 1.0825e-18 2.92419e-19 6.76191e-20 1.31757e-20 2.20511e-21 3.62082e-22 7.55553e-23 2.06036e-23 5.85876e-24 1.52115e-24 3.40523e-25 6.1149e-26 7.49913e-27 3.9714e-28 -0.35519 0.24110 -0.54955 0.42929 8.76556 -2.32692 -3.59447 0
0 3.3985 2 12.7605 66.0183 34.3418 8.6138e-13 2.23643e-10 1.73341e-10 1.33926e-10 1.03109e-10 7.90761e-11 6.03844e-11 4.58929e-11 3.46981e-11 2.60828e-11 1.94825e-11 1.44512e-11 1.06366e-11 7.76238e-12 5.61193e-12 4.01558e-12 2.84032e-12 1.98362e-12 1.36598e-12 9.26137e-13 6.17181e-13 4.03426e-13 2.57999e-13 1.61042e-13 9.78156e-14 5.76085e-14 3.27607e-14 1.78993e-14 9.33948e-15 4.62028e-15 2.14824e-15 9.29075e-16 3.69231e-16 1.32713e-16 4.26253e-17 1.20907e-17 2.98241e-18 6.31601e-19 1.16042e-19 2.02694e-20 4.18949e-21 1.14566e-21 3.49134e-22 1.01391e-22 2.64028e-23 5.9171e-24 1.06343e-24 1.30377e-25 6.86305e-27 1.41753e-29 1.76816e-55 0.81366 -5.01737 -0.03000 5.08292 3.57654 13.15030 -0.48065 0
0 0.1448 1 0.0624 0.4081 1.3639 5.1297e-15 4.45755e-13 3.49719e-13 2.7417e-13 2.14745e-13 1.68017e-13 1.31287e-13 1.02433e-13 7.97833e-14 6.20192e-14 4.81026e-14 3.72146e-14 2.87092e-14 2.20771e-14 1.69165e-14 1.29106e-14 9.80948e-15 7.41641e-15 5.5763e-15 4.16712e-15 3.0929e-15 2.27829e-15 1.66418e-15 1.20429e-15 8.62491e-16 6.1061e-16 4.26774e-16 2.94058e-16 1.99422e-16 1.32878e-16 8.68235e-17 5.55169e-17 3.46652e-17 2.10937e-17 1.24877e-17 7.18761e-18 4.02736e-18 2.20774e-18 1.19701e-18 6.53973e-19 3.68977e-19 2.19721e-19 1.39033e-19 9.23976e-20 6.31806e-20 4.367e-20 3.0194e-20 2.07868e-20 1.42247e-20 9.66878e-21 6.52425e-21 2.62052 14.32770 0.11881 14.56537 22.97793 6.54864 0.29626 0
0 0.1569 1 29.1236 14.5648 23.9417 2.7540e-15 1.11582e-11 8.11618e-12 5.85355e-12 4.18209e-12 2.957e-12 2.06733e-12 1.4274e-12 9.72009e-13 6.52074e-13 4.3042e-13 2.78898e-13 1.77148e-13 1.1011e-13 6.68557e-14 3.95647e-14 2.27248e-14 1.26518e-14 6.81147e-15 3.53902e-15 1.7721e-15 8.5523e-16 3.98901e-16 1.81105e-16 8.10409e-17 3.63189e-17 1.65207e-17 7.65575e-18 3.58504e-18 1.67054e-18 7.61906e-19 3.35421e-19 1.41025e-19 5.61448e-20 2.09986e-20 7.31498e-21 2.34885e-21 6.85597e-22 1.78135e-22 3.97284e-23 7.0688e-24 8.45343e-25 4.10108e-26 4.53909e-29 5.12344e-65 6.38316e-75 4.07217e-88 3.38028e-106 1.22452e-130 2.04269e-162 8.95754e-197 1.27956 2.71901 0.48048 3.00504 11.30196 6.50663 2.43655 0
0 0.4277 1 27.2844 18.5492 19.0956 8.2075e-15 2.63765e-11 1.86676e-11 1.30881e-11 9.0835e-12 6.23562e-12 4.23082e-12 2.83517e-12 1.87531e-12 1.22373e-12 7.87551e-13 4.99865e-13 3.13022e-13 1.93556e-13 1.18346e-13 7.17e-14 4.31548e-14 2.58782e-14 1.55028e-14 9.2947e-15 5.58056e-15 3.35228e-15 2.00976e-15 1.19823e-15 7.07566e-16 4.12167e-16 2.35971e-16 1.32345e-16 7.25012e-17 3.86857e-17 2.0048e-17 1.00588e-17 4.86923e-18 2.2652e-18 1.0082e-18 4.27144e-19 1.7126e-19 6.45428e-20 2.26801e-20 7.35709e-21 2.17399e-21 5.73791e-22 1.30816e-22 2.41206e-23 3.09545e-24 1.81428e-25 6.52503e-28 5.2632e-157 4.93251e-194 5.94158e-237 1.61228e-295 6.96180 -9.77720 -0.02100 12.00251 7.07802 100.39578 -0.17001 0
0 0.1839 1 26.2297 45.9612 22.2401 3.7244e-14 1.31546e-10 9.57476e-11 6.91108e-11 4.94293e-11 3.49971e-11 2.45051e-11 1.69519e-11 1.15717e-11 7.78424e-12 5.15374e-12 3.35375e-12 2.14107e-12 1.33879e-12 8.18584e-13 4.88606e-13 2.84264e-13 1.60783e-13 8.83065e-14 4.70762e-14 2.43734e-14 1.2286e-14 6.06093e-15 2.95112e-15 1.43426e-15 7.03588e-16 3.50598e-16 1.77047e-16 8.96867e-17 4.49676e-17 2.20413e-17 1.04604e-17 4.77149e-18 2.07921e-18 8.6045e-19 3.36025e-19 1.22927e-19 4.17559e-20 1.30225e-20 3.67113e-21 9.12786e-22 1.9144e-22 3.0836e-23 3.02474e-24 8.38106e-26 2.39521e-32 2.75581e-86 3.90613e-104 2.86738e-128 7.13374e-160 8.15998e-194 2.49553 -10.69000 0.21242 10.97742 3.32699 131.26919 3.66069 0
0 0.5364 2 8.4070 18.8963 28.5112 2.3155e-13 1.69487e-11 1.342e-11 1.0614e-11 8.38796e-12 6.62066e-12 5.21821e-12 4.10818e-12 3.22811e-12 2.5314e-12 1.98162e-12 1.54765e-12 1.20452e-12 9.34865e-13 7.23407e-13 5.57578e-13 4.27281e-13 3.25823e-13 2.47083e-13 1.86194e-13 1.39299e-13 1.03325e-13 7.57723e-14 5.4977e-14 3.94203e-14 2.79029e-14 1.94783e-14 1.33999e-14 9.08016e-15 6.05896e-15 3.97994e-15 2.57165e-15 1.63274e-15 1.01638e-15 6.18629e-16 3.66949e-16 2.11294e-16 1.17557e-16 6.28437e-17 3.20612e-17 1.54814e-17 7.00381e-18 2.93139e-18 1.11733e-18 3.80229e-19 1.12657e-19 2.81526e-20 5.69972e-21 8.89685e-22 1.01992e-22 8.84849e-24 6.76183 -0.63370 0.12901 6.79146 10.37389 40.68218 0.71257 0
0 0.3890 2 9.7545 40.2548 34.3418 6.2787e-13 6.18198e-11 4.87077e-11 3.8323e-11 3.01048e-11 2.36048e-11 1.84734e-11 1.44245e-11 1.12348e-11 8.72788e-12 6.75893e-12 5.21585e-12 4.01061e-12 3.07158e-12 2.34013e-12 1.77376e-12 1.33696e-12 1.00155e-12 7.44411e-13 5.4857e-13 4.00571e-13 2.8951e-13 2.06824e-13 1.45813e-13 1.01257e-13 6.91061e-14 4.62342e-14 3.02367e-14 1.92718e-14 1.19343e-14 7.15931e-15 4.1488e-15 2.31601e-15 1.24149e-15 6.36326e-16 3.09987e-16 1.42379e-16 6.10366e-17 2.41195e-17 8.65177e-18 2.76374e-18 7.67656e-19 1.79941e-19 3.42999e-20 5.09197e-21 5.69491e-22 5.15725e-23 6.00425e-24 1.26812e-24 3.00986e-25 6.13415e-26 0.72441 -2.68021 0.10021 2.77638 5.86556 7.09535 0.97892 0
0 0.2265 2 8.9524 204.3200 31.2910 1.5651e-11 1.3921e-09 1.09959e-09 8.67699e-10 6.83718e-10 5.37878e-10 4.22582e-10 3.31236e-10 2.59064e-10 2.02217e-10 1.57372e-10 1.22036e-10 9.434e-11 7.26886e-11 5.57031e-11 4.24511e-11 3.2177e-11 2.42419e-11 1.81382e-11 1.34516e-11 9.86642e-12 7.16094e-12 5.13638e-12 3.63616e-12 2.5372e-12 1.74288e-12 1.17748e-12 7.81794e-13 5.09846e-13 3.26371e-13 2.04854e-13 1.25854e-13 7.54835e-14 4.40504e-14 2.49121e-14 1.35879e-14 7.10711e-15 3.54025e-15 1.66548e-15 7.32432e-16 2.97325e-16 1.09679e-16 3.60504e-17 1.03003e-17 2.47929e-18 4.83286e-19 7.27063e-20 8.01977e-21 6.51534e-22 5.63419e-23 9.68253e-24 -0.80732 -7.94393 -0.38438 7.98485 1.05296 -55.44151 -21.41066 0
0 0.3405 2 7.6866 57.6261 28.5112 1.9826e-12 1.33959e-10 1.06128e-10 8.40017e-11 6.64292e-11 5.24879e-11 4.14118e-11 3.26364e-11 2.56871e-11 2.01756e-11 1.58208e-11 1.23851e-11 9.66499e-12 7.52294e-12 5.8399e-12 4.52023e-12 3.48058e-12 2.66842e-12 2.03598e-12 1.54504e-12 1.16524e-12 8.72486e-13 6.46677e-13 4.7477e-13 3.4484e-13 2.47473e-13 1.75245e-13 1.223e-13 8.40261e-14 5.67874e-14 3.7731e-14 2.46355e-14 1.57944e-14 9.93563e-15 6.11918e-15 3.67881e-15 2.15114e-15 1.21815e-15 6.64589e-16 3.47145e-16 1.72291e-16 8.04904e-17 3.49886e-17 1.39489e-17 5.00829e-18 1.58269e-18 4.27538e-19 9.50991e-20 1.65991e-20 2.14205e-21 1.92581e-22 -3.28992 -7.65093 0.16517 8.32828 3.40173 -75.52875 2.78299 0
0 1.7451 2 4.1325 7.1586 16.3151 6.0300e-14 3.89238e-12 3.08402e-12 2.44178e-12 1.93186e-12 1.52671e-12 1.20544e-12 9.50629e-13 7.48546e-13 5.88663e-13 4.62137e-13 3.61986e-13 2.82989e-13 2.20781e-13 1.71638e-13 1.33012e-13 1.02738e-13 7.90658e-14 6.05657e-14 4.61005e-14 3.48847e-14 2.62223e-14 1.95615e-14 1.4466e-14 1.05917e-14 7.66741e-15 5.47988e-15 3.86123e-15 2.67901e-15 1.82853e-15 1.22697e-15 8.09086e-16 5.24089e-16 3.33211e-16 2.0762e-16 1.26475e-16 7.50779e-17 4.32588e-17 2.40785e-17 1.28734e-17 6.56546e-18 3.16725e-18 1.43043e-18 5.9723e-19 2.27023e-19 7.71792e-20 2.30393e-20 5.98207e-21 1.39748e-21 3.4494e-22 1.15747e-22 -5.65727 6.11309 0.00420 8.32914 15.66994 -21.16327 0.01536 0
0 0.9684 1 19.7826 7.1708 14.2583 8.6020e-15 9.33263e-12 6.61542e-12 4.65902e-12 3.25938e-12 2.26489e-12 1.56336e-12 1.07219e-12 7.30919e-13 4.95575e-13 3.34453e-13 2.24876e-13 1.50785e-13 1.0092e-13 6.74709e-14 4.50769e-14 3.0094e-14 2.00669e-14 1.33522e-14 8.85397e-15 5.84239e-15 3.83026e-15 2.49106e-15 1.60484e-15 1.0228e-15 6.44049e-16 4.00198e-16 2.45082e-16 1.47721e-16 8.75047e-17 5.0859e-17 2.89512e-17 1.61081e-17 8.74022e-18 4.61311e-18 2.36167e-18 1.16898e-18 5.57418e-19 2.55014e-19 1.11413e-19 4.62374e-20 1.81167e-20 6.65408e-21 2.2713e-21 7.12685e-22 2.02504e-22 5.09061e-23 1.08603e-23 1.80495e-24 1.90233e-25 6.69145e-27 -3.21408 4.78751 -0.09841 5.76633 13.67106 -13.59793 -0.41244 0
0 1.6538 1 38.0701 7.3367 16.6610 4.7393e-15 7.14686e-12 4.97644e-12 3.45097e-12 2.38384e-12 1.64068e-12 1.12532e-12 7.6929e-13 5.24186e-13 3.5597e-13 2.4085e-13 1.62286e-13 1.08825e-13 7.25681e-14 4.80762e-14 3.1612e-14 2.06093e-14 1.33078e-14 8.50195e-15 5.36822e-15 3.34619e-15 2.05665e-15 1.2448e-15 7.40876e-16 4.32932e-16 2.47948e-16 1.38904e-16 7.59512e-17 4.04341e-17 2.09004e-17 1.04568e-17 5.04611e-18 2.33938e-18 1.03721e-18 4.37549e-19 1.74584e-19 6.54357e-20 2.28501e-20 7.35835e-21 2.15547e-21 5.62674e-22 1.26346e-22 2.27408e-23 2.78565e-24 1.44732e-25 2.59586e-28 1.24283e-300 0.0 0.0 0.0 0.0 5.97444 5.92546 0.01200 8.41457 15.61371 22.49735 0.04404 0
0 3.7795 1 8.0183 14.1358 7.5597 9.2796e-13 3.54838e-10 2.57051e-10 1.85899e-10 1.34227e-10 9.67756e-11 6.96799e-11 5.01098e-11 3.59961e-11 2.58306e-11 1.85164e-11 1.32583e-11 9.48107e-12 6.76941e-12 4.82419e-12 3.43009e-12 2.43221e-12 1.71914e-12 1.21067e-12 8.4908e-13 5.92756e-13 4.11731e-13 2.84423e-13 1.95311e-13 1.33258e-13 9.02896e-14 6.07186e-14 4.05027e-14 2.6782e-14 1.75424e-14 1.13732e-14 7.29214e-15 4.61954e-15 2.88845e-15 1.78057e-15 1.08077e-15 6.4503e-16 3.77944e-16 2.17032e-16 1.2191e-16 6.68397e-17 3.56839e-17 1.85005e-17 9.28659e-18 4.49795e-18 2.09409e-18 9.33061e-19 3.9593e-19 1.59097e-19 6.01441e-20 2.12241e-20 0.12230 -4.82508 -0.01380 4.82663 3.67698 1.90608 -0.21506 0
0 0.3574 1 25.7495 12.7340 19.3374 3.7252e-15 1.25502e-11 8.9563e-12 6.33335e-12 4.43413e-12 3.07097e-12 2.10211e-12 1.4209e-12 9.4757e-13 6.2293e-13 4.03394e-13 2.57177e-13 1.61354e-13 9.96313e-14 6.05784e-14 3.63151e-14 2.15047e-14 1.26143e-14 7.35587e-15 4.28058e-15 2.49417e-15 1.45808e-15 8.55164e-16 5.0206e-16 2.93871e-16 1.7065e-16 9.78161e-17 5.50888e-17 3.03625e-17 1.63207e-17 8.52888e-18 4.31933e-18 2.11263e-18 9.9417e-19 4.48183e-19 1.92612e-19 7.84709e-20 3.01103e-20 1.07988e-20 3.58615e-21 1.08941e-21 2.97512e-22 7.09961e-23 1.40307e-23 2.0425e-24 1.61327e-25 2.16084e-27 9.09503e-139 1.88127e-173 3.84311e-210 6.3099e-260 -10.15450 -6.07240 -0.06661 11.83165 10.44086 -76.55485 -0.36552 0
0 0.8323 1 28.0625 12.6255 16.9100 9.7456e-15 1.6812e-11 1.17541e-11 8.1553e-12 5.61425e-12 3.83459e-12 2.59876e-12 1.74808e-12 1.16767e-12 7.75102e-13 5.11753e-13 3.36408e-13 2.20407e-13 1.44053e-13 9.39772e-14 6.12059e-14 3.97812e-14 2.578e-14 1.66346e-14 1.06691e-14 6.7893e-15 4.27836e-15 2.66498e-15 1.63804e-15 9.91857e-16 5.90691e-16 3.45404e-16 1.97956e-16 1.10975e-16 6.07225e-17 3.23498e-17 1.67338e-17 8.37863e-18 4.04657e-18 1.87766e-18 8.3333e-19 3.51936e-19 1.40607e-19 5.27812e-20 1.84647e-20 5.95935e-21 1.75054e-21 4.58673e-22 1.03558e-22 1.88141e-23 2.35021e-24 1.29066e-25 3.30653e-28 1.80063e-268 0.0 0.0 8.24997 -4.40912 -0.05221 9.35427 9.20869 63.62475 -0.32482 0
0 0.1468 1 24.5566 21.0574 22.6531 1.0844e-14 2.82777e-11 2.07886e-11 1.51675e-11 1.09734e-11 7.86616e-12 5.58209e-12 3.91701e-12 2.71514e-12 1.85702e-12 1.25148e-12 8.29765e-13 5.40483e-13 3.45313e-13 2.15968e-13 1.31906e-13 7.85249e-14 4.5462e-14 2.55386e-14 1.38896e-14 7.29852e-15 3.69605e-15 1.80315e-15 8.50161e-16 3.89992e-16 1.76196e-16 7.97326e-17 3.67266e-17 1.73378e-17 8.33075e-18 4.00789e-18 1.89652e-18 8.70089e-19 3.83018e-19 1.60516e-19 6.3598e-20 2.36504e-20 8.18522e-21 2.60878e-21 7.54841e-22 1.94022e-22 4.26459e-23 7.41914e-24 8.50815e-25 3.71132e-26 1.933e-29 5.89378e-77 1.32226e-91 1.62279e-111 2.711e-138 6.13489e-169 -6.67503 -11.68220 0.15962 13.45473 7.39648 -115.48863 1.23654 0
0 0.1935 1 8.3254 16.6400 13.8487 9.2026e-14 5.9476e-11 4.50102e-11 3.39056e-11 2.54094e-11 1.89337e-11 1.40193e-11 1.03081e-11 7.52107e-12 5.44113e-12 3.89977e-12 2.7665e-12 1.94057e-12 1.34452e-12 9.1906e-13 6.19038e-13 4.10314e-13 2.67267e-13 1.70843e-13 1.07023e-13 6.56229e-14 3.93482e-14 2.30636e-14 1.32227e-14 7.43049e-15 4.11046e-15 2.25429e-15 1.23778e-15 6.88069e-16 3.90875e-16 2.27792e-16 1.35732e-16 8.19698e-17 4.96466e-17 2.98834e-17 1.77598e-17 1.03769e-17 5.94384e-18 3.32989e-18 1.82042e-18 9.68788e-19 5.00509e-19 2.50259e-19 1.20687e-19 5.59161e-20 2.47797e-20 1.0451e-20 4.17075e-21 1.56443e-21 5.47165e-22 1.76683e-22 0.55487 -2.80750 0.17582 2.86181 5.72218 5.56720 1.76073 0
0 0.3093 2 5.7847 15.6532 21.5677 1.1947e-13 9.39596e-12 7.43725e-12 5.88299e-12 4.64902e-12 3.66719e-12 2.88986e-12 2.27372e-12 1.78407e-12 1.39752e-12 1.09291e-12 8.50758e-13 6.60231e-13 5.10774e-13 3.93787e-13 3.01646e-13 2.29643e-13 1.73814e-13 1.307e-13 9.75582e-14 7.22188e-14 5.29729e-14 3.8457e-14 2.76325e-14 1.96672e-14 1.38681e-14 9.69104e-15 6.71248e-15 4.60786e-15 3.13324e-15 2.10828e-15 1.40191e-15 9.19797e-16 5.94363e-16 3.7747e-16 2.35022e-16 1.43043e-16 8.4813e-17 4.87874e-17 2.70932e-17 1.44386e-17 7.33054e-18 3.51397e-18 1.57285e-18 6.48297e-19 2.4181e-19 7.9837e-20 2.26871e-20 5.35357e-21 1.00327e-21 1.42147e-22 -9.46288 -8.05916 0.06781 12.42965 9.47339 -87.33273 0.41010 0
0 1.1100 1 37.3371 10.9352 17.9020 5.5851e-15 1.08105e-11 7.47065e-12 5.13034e-12 3.50177e-12 2.37639e-12 1.60404e-12 1.07745e-12 7.2061e-13 4.80106e-13 3.18761e-13 2.1094e-13 1.39111e-13 9.13873e-14 5.9757e-14 3.88511e-14 2.50828e-14 1.60579e-14 1.01788e-14 6.37896e-15 3.94645e-15 2.40671e-15 1.44459e-15 8.52086e-16 4.93061e-16 2.79373e-16 1.5468e-16 8.34908e-17 4.38194e-17 2.22968e-17 1.0963e-17 5.18929e-18 2.3547e-18 1.01934e-18 4.18667e-19 1.62113e-19 5.87368e-20 1.97331e-20 6.07568e-21 1.68633e-21 4.10926e-22 8.37088e-23 1.28313e-23 1.13241e-24 2.22631e-26 1.34999e-199 1.52849e-246 5.20145e-302 0.0 0.0 0.0 0.38828 2.74910 0.04500 2.77638 11.25589 1.97685 0.22909 0
0 0.3936 1 2.4206 8.7905 7.2455 1.7856e-13 6.64445e-11 5.05418e-11 3.83228e-11 2.89527e-11 2.17841e-11 1.63151e-11 1.21565e-11 9.00621e-12 6.63022e-12 4.84709e-12 3.51642e-12 2.5297e-12 1.80324e-12 1.27264e-12 8.88535e-13 6.1321e-13 4.17999e-13 2.81237e-13 1.8667e-13 1.22198e-13 7.89058e-14 5.02962e-14 3.16986e-14 1.98057e-14 1.23168e-14 7.66269e-15 4.79682e-15 3.03784e-15 1.95352e-15 1.27668e-15 8.46071e-16 5.6607e-16 3.80356e-16 2.55424e-16 1.70789e-16 1.13414e-16 7.4671e-17 4.86877e-17 3.14092e-17 2.00292e-17 1.26129e-17 7.83505e-18 4.79547e-18 2.88811e-18 1.70907e-18 9.92136e-19 5.63991e-19 3.13328e-19 1.69741e-19 8.94454e-20 5.39206 -10.24280 0.06121 11.57537 5.66705 107.91166 0.61883 0
0 0.4621 1 35.1073 10.1881 20.8056 1.2763e-15 5.77304e-12 4.01452e-12 2.76262e-12 1.88001e-12 1.26416e-12 8.39426e-13 5.50161e-13 3.55736e-13 2.26884e-13 1.42764e-13 8.86862e-14 5.44352e-14 3.30586e-14 1.99072e-14 1.19147e-14 7.10433e-15 4.22778e-15 2.51244e-15 1.49036e-15 8.81128e-16 5.17653e-16 3.01058e-16 1.72631e-16 9.72173e-17 5.35764e-17 2.87997e-17 1.50531e-17 7.62597e-18 3.73164e-18 1.75702e-18 7.92594e-19 3.4087e-19 1.38979e-19 5.33712e-20 1.91567e-20 6.36672e-21 1.9355e-21 5.28898e-22 1.26257e-22 2.49439e-23 3.6221e-24 2.82959e-25 3.55791e-27 3.49121e-105 3.27064e-127 4.69607e-157 1.4727e-196 2.93736e-238 2.86326e-295 0.0 -9.73304 1.61936 -0.09181 9.86683 14.04072 -43.88519 -0.37465 0
