skymodel/snr/test/old/ctadc_skymodel_gps_sources_snr_3.ecsv
# %ECSV 0.9
# ---
# datatype:
# - {name: Simulation_number, unit: '', datatype: float64, format: '%i', description: Simulation
#     number}
# - {name: n0, unit: 1 / cm3, datatype: float64, format: '%0.4f', description: density}
# - {name: type, unit: '', datatype: float64, format: '%i', description: type of progenitor}
# - {name: age, unit: kyear, datatype: float64, format: '%0.4f', description: age of
#     the SNR}
# - {name: sigma, unit: arcmin, datatype: float64, format: '%0.4f', description: apparent
#     size of the SNR}
# - {name: size_physical, unit: pc, datatype: float64, format: '%0.4f', description: SNR
#     Radius}
# - {name: flux_1_10, unit: 1 / (cm2 s), datatype: float64, format: '%0.4e', description: Integral
#     flux from 1 to 10 TeV}
# - {name: '0.1', unit: 1 / (cm2 s TeV), datatype: float64, description: Differential
#     spectrum}
# - {name: '0.11514', unit: 1 / (cm2 s TeV), datatype: float64, description: Differential
#     spectrum}
# - {name: '0.132571', unit: 1 / (cm2 s TeV), datatype: float64, description: Differential
#     spectrum}
# - {name: '0.152642', unit: 1 / (cm2 s TeV), datatype: float64, description: Differential
#     spectrum}
# - {name: '0.175751', unit: 1 / (cm2 s TeV), datatype: float64, description: Differential
#     spectrum}
# - {name: '0.202359', unit: 1 / (cm2 s TeV), datatype: float64, description: Differential
#     spectrum}
# - {name: '0.232995', unit: 1 / (cm2 s TeV), datatype: float64, description: Differential
#     spectrum}
# - {name: '0.26827', unit: 1 / (cm2 s TeV), datatype: float64, description: Differential
#     spectrum}
# - {name: '0.308884', unit: 1 / (cm2 s TeV), datatype: float64, description: Differential
#     spectrum}
# - {name: '0.355648', unit: 1 / (cm2 s TeV), datatype: float64, description: Differential
#     spectrum}
# - {name: '0.409492', unit: 1 / (cm2 s TeV), datatype: float64, description: Differential
#     spectrum}
# - {name: '0.471487', unit: 1 / (cm2 s TeV), datatype: float64, description: Differential
#     spectrum}
# - {name: '0.542868', unit: 1 / (cm2 s TeV), datatype: float64, description: Differential
#     spectrum}
# - {name: '0.625055', unit: 1 / (cm2 s TeV), datatype: float64, description: Differential
#     spectrum}
# - {name: '0.719686', unit: 1 / (cm2 s TeV), datatype: float64, description: Differential
#     spectrum}
# - {name: '0.828643', unit: 1 / (cm2 s TeV), datatype: float64, description: Differential
#     spectrum}
# - {name: '0.954095', unit: 1 / (cm2 s TeV), datatype: float64, description: Differential
#     spectrum}
# - {name: '1.09854', unit: 1 / (cm2 s TeV), datatype: float64, description: Differential
#     spectrum}
# - {name: '1.26486', unit: 1 / (cm2 s TeV), datatype: float64, description: Differential
#     spectrum}
# - {name: '1.45635', unit: 1 / (cm2 s TeV), datatype: float64, description: Differential
#     spectrum}
# - {name: '1.67683', unit: 1 / (cm2 s TeV), datatype: float64, description: Differential
#     spectrum}
# - {name: '1.9307', unit: 1 / (cm2 s TeV), datatype: float64, description: Differential
#     spectrum}
# - {name: '2.223', unit: 1 / (cm2 s TeV), datatype: float64, description: Differential
#     spectrum}
# - {name: '2.55955', unit: 1 / (cm2 s TeV), datatype: float64, description: Differential
#     spectrum}
[...]
#     from Earth}
# - {name: glon, unit: deg, datatype: float64, format: '%.5f', description: Galactic
#     longitude}
# - {name: glat, unit: deg, datatype: float64, format: '%.5f', description: Galactic
#     latitude}
# - {name: skip, datatype: float64, format: '%.d', description: 'Skip boolean, 1 skip
#     0 keep'}
# meta: !!omap
# - simulation_parameters:
#   - {description: Spectral index, name: alpha, value: 4.1}
#   - {description: Electron to proton ratio, name: Kep, value: 0.01}
#   - {description: CR efficiency, name: xi, value: 0.1}
# - energy_array: [0.1, 0.11514, 0.132571, 0.152642, 0.175751, 0.202359, 0.232995, 0.26827,
#     0.308884, 0.355648, 0.409492, 0.471487, 0.542868, 0.625055, 0.719686, 0.828643,
#     0.954095, 1.09854, 1.26486, 1.45635, 1.67683, 1.9307, 2.223, 2.55955, 2.94705,
#     3.39322, 3.90694, 4.49843, 5.17947, 5.96362, 6.86649, 7.90604, 9.10298, 10.4811,
#     12.0679, 13.895, 15.9986, 18.4207, 21.2095, 24.4205, 28.1177, 32.3746, 37.2759,
#     42.9193, 49.4171, 56.8987, 65.5129, 75.4312, 86.8511, 100.0]
# schema: astropy-2.0
Simulation_number n0 type age sigma size_physical flux_1_10 0.1 0.11514 0.132571 0.152642 0.175751 0.202359 0.232995 0.26827 0.308884 0.355648 0.409492 0.471487 0.542868 0.625055 0.719686 0.828643 0.954095 1.09854 1.26486 1.45635 1.67683 1.9307 2.223 2.55955 2.94705 3.39322 3.90694 4.49843 5.17947 5.96362 6.86649 7.90604 9.10298 10.4811 12.0679 13.895 15.9986 18.4207 21.2095 24.4205 28.1177 32.3746 37.2759 42.9193 49.4171 56.8987 65.5129 75.4312 86.8511 100.0 galactocentric_x galactocentric_y galactocentric_z galactocentric_r distance glon glat skip
[from data line 367]
0 2.1472 1 28.3792 7.1033 14.0577 1.3743e-14 1.29333e-11 9.13477e-12 6.43234e-12 4.51643e-12 3.16265e-12 2.209e-12 1.5391e-12 1.0697e-12 7.41516e-13 5.12546e-13 3.53122e-13 2.42362e-13 1.65607e-13 1.12578e-13 7.60785e-14 5.10693e-14 3.40255e-14 2.24826e-14 1.4721e-14 9.54361e-15 6.12061e-15 3.87948e-15 2.42776e-15 1.49832e-15 9.10809e-16 5.44602e-16 3.1981e-16 1.84131e-16 1.03742e-16 5.70748e-17 3.05888e-17 1.59272e-17 8.03282e-18 3.9108e-18 1.8309e-18 8.20674e-19 3.50454e-19 1.41768e-19 5.39695e-20 1.91847e-20 6.30712e-21 1.89374e-21 5.09918e-22 1.19465e-22 2.29819e-23 3.19311e-24 2.27518e-25 2.0627e-27 0.0 0.0 7.19821 3.04708 -0.00240 7.81658 13.60696 31.93856 -0.01011 0
0 2.6182 2 8.2602 17.7294 28.5112 2.6808e-13 2.21834e-11 1.75081e-11 1.38017e-11 1.08654e-11 8.54135e-12 6.70314e-12 5.25103e-12 4.10506e-12 3.20187e-12 2.49122e-12 1.93281e-12 1.4949e-12 1.15229e-12 8.84816e-13 6.76483e-13 5.14793e-13 3.89743e-13 2.93364e-13 2.19347e-13 1.62832e-13 1.19919e-13 8.75342e-14 6.32652e-14 4.52192e-14 3.18994e-14 2.21809e-14 1.51744e-14 1.01906e-14 6.70018e-15 4.29929e-15 2.68231e-15 1.61983e-15 9.39433e-16 5.21272e-16 2.75073e-16 1.37177e-16 6.42203e-17 2.80048e-17 1.12646e-17 4.11883e-18 1.34329e-18 3.81685e-19 9.18232e-20 1.81072e-20 2.85748e-21 3.77501e-22 5.59383e-23 1.34551e-23 4.12795e-24 1.22304e-24 -7.21753 -0.12396 0.01140 7.21859 11.05671 -40.75108 0.05908 0
0 0.8389 2 0.5392 4.1875 2.3126 1.2828e-13 1.97713e-11 1.51285e-11 1.15725e-11 8.84777e-12 6.75925e-12 5.15826e-12 3.93112e-12 2.99087e-12 2.27086e-12 1.72001e-12 1.29907e-12 9.77909e-13 7.3335e-13 5.4756e-13 4.06818e-13 3.00559e-13 2.20649e-13 1.60832e-13 1.16293e-13 8.33323e-14 5.91127e-14 4.14591e-14 2.87102e-14 1.96001e-14 1.31684e-14 8.68959e-15 5.61937e-15 3.55213e-15 2.18844e-15 1.30971e-15 7.58479e-16 4.23194e-16 2.26361e-16 1.15429e-16 5.57779e-17 2.53868e-17 1.08274e-17 4.3182e-18 1.61838e-18 5.80009e-19 2.05349e-19 7.44244e-20 2.7916e-20 1.05666e-20 3.8813e-21 1.34241e-21 4.28993e-22 1.24672e-22 3.22617e-23 7.17124e-24 -3.77225 -8.93209 -0.03780 9.69598 3.79710 -96.53443 -0.57044 0
0 0.8140 1 24.4900 15.4391 16.0819 1.9446e-14 2.95121e-11 2.07654e-11 1.45019e-11 1.00492e-11 6.90881e-12 4.7123e-12 3.18932e-12 2.14272e-12 1.42988e-12 9.48564e-13 6.26194e-13 4.11833e-13 2.70141e-13 1.769e-13 1.15715e-13 7.5617e-14 4.93406e-14 3.21139e-14 2.08177e-14 1.34167e-14 8.5804e-15 5.43498e-15 3.40367e-15 2.10395e-15 1.28169e-15 7.68269e-16 4.52411e-16 2.61274e-16 1.477e-16 8.15591e-17 4.38887e-17 2.29548e-17 1.16345e-17 5.6954e-18 2.68263e-18 1.21061e-18 5.20881e-19 2.12496e-19 8.16664e-20 2.9344e-20 9.76688e-21 2.97535e-21 8.15521e-22 1.95608e-22 3.89746e-23 5.76309e-24 4.73015e-25 7.39043e-27 6.62962e-302 0.0 5.23718 -3.61615 -0.10441 6.36432 7.16177 46.99941 -0.83533 0
0 0.5082 1 1.4762 2.7843 5.5950 3.6125e-14 1.14467e-11 8.7087e-12 6.60792e-12 4.99846e-12 3.76768e-12 2.82862e-12 2.11408e-12 1.57211e-12 1.16256e-12 8.54398e-13 6.23657e-13 4.51843e-13 3.24707e-13 2.3129e-13 1.63186e-13 1.13966e-13 7.8735e-14 5.37818e-14 3.631e-14 2.42274e-14 1.59811e-14 1.04304e-14 6.74633e-15 4.33488e-15 2.77657e-15 1.78033e-15 1.14805e-15 7.47681e-16 4.93175e-16 3.29701e-16 2.23039e-16 1.52168e-16 1.04269e-16 7.14746e-17 4.88566e-17 3.3226e-17 2.24474e-17 1.50503e-17 1.00064e-17 6.59254e-18 4.30079e-18 2.77596e-18 1.7712e-18 1.11606e-18 6.9377e-19 4.24952e-19 2.56153e-19 1.5173e-19 8.81789e-20 5.01899e-20 -2.16022 5.14576 0.14114 5.58081 13.81641 -8.99567 0.58531 0
0 3.5464 1 4.7820 5.5314 6.2152 2.4249e-13 8.05341e-11 5.85957e-11 4.25513e-11 3.08418e-11 2.23145e-11 1.61182e-11 1.16253e-11 8.37404e-12 6.02562e-12 4.33197e-12 3.11207e-12 2.23422e-12 1.60291e-12 1.14907e-12 8.22889e-13 5.88506e-13 4.20146e-13 2.99288e-13 2.12621e-13 1.5057e-13 1.06238e-13 7.46494e-14 5.22142e-14 3.63396e-14 2.51543e-14 1.73099e-14 1.18364e-14 8.03854e-15 5.41911e-15 3.62426e-15 2.40311e-15 1.57867e-15 1.0267e-15 6.60488e-16 4.19917e-16 2.63574e-16 1.63155e-16 9.94779e-17 5.96615e-17 3.51439e-17 2.02989e-17 1.1475e-17 6.33572e-18 3.40876e-18 1.78251e-18 9.03321e-19 4.42193e-19 2.08327e-19 9.40679e-20 4.05183e-20 -4.41235 -2.15859 0.02460 4.91206 7.72547 -34.83018 0.18246 0
0 0.4554 2 10.8634 22.9797 34.3418 1.9716e-13 2.10304e-11 1.65643e-11 1.3024e-11 1.0224e-11 8.01189e-12 6.26325e-12 4.8857e-12 3.80162e-12 2.94804e-12 2.27912e-12 1.75632e-12 1.3468e-12 1.02801e-12 7.80885e-13 5.90052e-13 4.4257e-13 3.29337e-13 2.43086e-13 1.77789e-13 1.28691e-13 9.2055e-14 6.49601e-14 4.50932e-14 3.07399e-14 2.05532e-14 1.34508e-14 8.5988e-15 5.35974e-15 3.25105e-15 1.91595e-15 1.09513e-15 6.0506e-16 3.21627e-16 1.63526e-16 7.89628e-17 3.59035e-17 1.52126e-17 5.93023e-18 2.09361e-18 6.56383e-19 1.78334e-19 4.073e-20 7.53546e-21 1.08489e-21 1.19789e-22 1.18116e-23 1.74007e-24 4.07404e-25 9.6294e-26 1.91481e-26 -9.12364 -3.77489 0.09309 9.87373 10.27502 -62.62048 0.51911 0
0 0.6143 1 0.3096 1.3875 2.5688 5.8093e-14 9.65338e-12 7.40948e-12 5.68211e-12 4.3523e-12 3.32875e-12 2.54128e-12 1.93589e-12 1.47096e-12 1.1144e-12 8.41419e-13 6.32872e-13 4.73957e-13 3.53229e-13 2.61834e-13 1.92928e-13 1.4122e-13 1.02624e-13 7.39887e-14 5.28873e-14 3.74559e-14 2.62662e-14 1.82282e-14 1.25135e-14 8.49608e-15 5.70595e-15 3.79301e-15 2.49894e-15 1.63524e-15 1.06619e-15 6.95494e-16 4.56058e-16 3.02023e-16 2.02727e-16 1.38141e-16 9.54749e-17 6.67322e-17 4.69788e-17 3.31758e-17 2.34237e-17 1.6497e-17 1.15735e-17 8.08133e-18 5.61341e-18 3.87711e-18 2.66157e-18 1.81516e-18 1.22919e-18 8.26071e-19 5.50619e-19 3.63783e-19 10.17320 -0.84872 -0.05341 10.20854 12.72945 53.05311 -0.24038 0
0 2.0861 1 24.8472 6.9801 13.4053 1.6715e-14 1.40328e-11 9.93764e-12 7.01568e-12 4.93839e-12 3.46675e-12 2.42756e-12 1.6959e-12 1.18212e-12 8.22142e-13 5.70425e-13 3.94724e-13 2.72298e-13 1.87157e-13 1.28082e-13 8.72115e-14 5.90367e-14 3.97e-14 2.64994e-14 1.75435e-14 1.15103e-14 7.47815e-15 4.8069e-15 3.0542e-15 1.91628e-15 1.18595e-15 7.23086e-16 4.33755e-16 2.55609e-16 1.47726e-16 8.35751e-17 4.61877e-17 2.48765e-17 1.30234e-17 6.60769e-18 3.23834e-18 1.52725e-18 6.9019e-19 2.97439e-19 1.21562e-19 4.68157e-20 1.6862e-20 5.62815e-21 1.72033e-21 4.73525e-22 1.14227e-22 2.2958e-23 3.44859e-24 2.93501e-25 5.24191e-27 0.0 -5.66418 3.42774 -0.05221 6.62060 13.20442 -25.40185 -0.22653 0
0 0.2111 2 9.9064 37.0509 34.3418 3.9901e-13 4.27432e-11 3.36658e-11 2.64738e-11 2.07818e-11 1.62869e-11 1.27323e-11 9.93104e-12 7.7284e-12 5.99306e-12 4.63239e-12 3.56877e-12 2.73778e-12 2.08914e-12 1.58629e-12 1.19796e-12 8.9923e-13 6.68799e-13 4.933e-13 3.60476e-13 2.60652e-13 1.86225e-13 1.31239e-13 9.10525e-14 6.20596e-14 4.14651e-14 2.71042e-14 1.73027e-14 1.07717e-14 6.53097e-15 3.85041e-15 2.20219e-15 1.21763e-15 6.47809e-16 3.29696e-16 1.59383e-16 7.25645e-17 3.07923e-17 1.20244e-17 4.25359e-18 1.33663e-18 3.64086e-19 8.33759e-20 1.54559e-20 2.22088e-21 2.40306e-22 2.1638e-23 2.6988e-24 5.93894e-25 1.39847e-25 2.78955e-26 -1.72450 -14.63490 0.03240 14.73615 6.37275 -164.29950 0.29133 0
0 0.5932 2 3.7094 31.4989 14.8658 6.1645e-13 4.55926e-11 3.612e-11 2.85762e-11 2.25917e-11 1.78428e-11 1.40663e-11 1.1077e-11 8.71027e-12 6.82978e-12 5.34557e-12 4.17619e-12 3.24989e-12 2.51974e-12 1.94715e-12 1.49913e-12 1.14859e-12 8.73368e-13 6.60068e-13 4.95467e-13 3.69066e-13 2.72556e-13 1.99377e-13 1.44351e-13 1.0339e-13 7.32457e-14 5.13369e-14 3.56115e-14 2.44562e-14 1.66255e-14 1.11806e-14 7.42938e-15 4.87051e-15 3.14441e-15 1.99489e-15 1.24061e-15 7.54068e-16 4.46417e-16 2.56346e-16 1.42072e-16 7.55393e-17 3.82503e-17 1.82803e-17 8.15415e-18 3.34813e-18 1.24379e-18 4.09169e-19 1.1613e-19 2.76189e-20 5.39345e-21 9.04905e-22 2.55490 -10.50020 -0.03000 10.80656 3.24488 128.05696 -0.52978 0
0 0.5109 1 5.9196 4.8980 9.9490 1.5253e-14 1.0652e-11 7.92678e-12 5.86964e-12 4.32248e-12 3.16378e-12 2.30021e-12 1.66013e-12 1.18864e-12 8.43736e-13 5.93382e-13 4.13206e-13 2.8475e-13 1.94102e-13 1.30841e-13 8.72119e-14 5.74982e-14 3.75228e-14 2.42695e-14 1.55885e-14 9.96956e-15 6.36904e-15 4.07858e-15 2.62641e-15 1.70457e-15 1.11581e-15 7.35998e-16 4.88014e-16 3.24218e-16 2.15077e-16 1.42021e-16 9.31154e-17 6.05025e-17 3.89024e-17 2.47236e-17 1.5513e-17 9.59914e-18 5.85042e-18 3.50727e-18 2.06502e-18 1.19214e-18 6.73543e-19 3.71654e-19 1.99819e-19 1.04408e-19 5.28641e-20 2.5852e-20 1.21655e-20 5.48598e-21 2.35943e-21 9.62576e-22 -0.90061 5.43595 -0.14041 5.51005 13.96573 -3.69759 -0.57607 0
0 0.3276 2 3.6734 6.5767 14.8658 2.4034e-14 1.64207e-12 1.30132e-12 1.03036e-12 8.15057e-13 6.44316e-13 5.08506e-13 4.00863e-13 3.15687e-13 2.48007e-13 1.94486e-13 1.52256e-13 1.18885e-13 9.24895e-14 7.17454e-14 5.54769e-14 4.27421e-14 3.27054e-14 2.4893e-14 1.88337e-14 1.41526e-14 1.05528e-14 7.79963e-15 5.70795e-15 4.13186e-15 2.95613e-15 2.08937e-15 1.45879e-15 1.00636e-15 6.8615e-16 4.62368e-16 3.07769e-16 2.02127e-16 1.30756e-16 8.31444e-17 5.18416e-17 3.16043e-17 1.87739e-17 1.08227e-17 6.02525e-18 3.22033e-18 1.64054e-18 7.89559e-19 3.55086e-19 1.47192e-19 5.52802e-20 1.84065e-20 5.28659e-21 1.26522e-21 2.42056e-22 3.56166e-23 -6.67569 5.53343 -0.16262 8.67085 15.54119 -25.44039 -0.59953 0
0 1.8345 3 10.3599 17.0509 34.3418 5.7273e-14 1.6265e-11 1.25868e-11 9.70765e-12 7.45925e-12 5.70809e-12 4.3483e-12 3.29592e-12 2.48453e-12 1.86156e-12 1.3855e-12 1.02361e-12 7.50137e-13 5.44827e-13 3.91822e-13 2.78732e-13 1.9591e-13 1.35877e-13 9.28608e-14 6.24344e-14 4.12228e-14 2.66733e-14 1.68748e-14 1.04104e-14 6.24386e-15 3.62801e-15 2.03401e-15 1.09509e-15 5.63051e-16 2.74649e-16 1.26102e-16 5.3982e-17 2.12974e-17 7.63423e-18 2.443e-18 6.83022e-19 1.61539e-19 3.18003e-20 5.27005e-21 8.17705e-22 1.557e-22 4.14943e-23 1.23973e-23 3.49313e-24 8.73557e-25 1.84975e-25 3.03354e-26 3.10434e-27 9.94562e-29 1.67615e-33 1.87954e-59 2.73974 5.07390 -0.06781 5.76634 13.84780 11.41120 -0.28055 0
0 1.2846 2 2.2856 5.6959 9.3361 1.6390e-14 1.69101e-12 1.33398e-12 1.05158e-12 8.27199e-13 6.49148e-13 5.08755e-13 3.97592e-13 3.09449e-13 2.40247e-13 1.86036e-13 1.43107e-13 1.09518e-13 8.34193e-14 6.32045e-14 4.75958e-14 3.54613e-14 2.62296e-14 1.92542e-14 1.40223e-14 1.01304e-14 7.26114e-15 5.16555e-15 3.64874e-15 2.55964e-15 1.78302e-15 1.23265e-15 8.45008e-16 5.73813e-16 3.85521e-16 2.55915e-16 1.67582e-16 1.08057e-16 6.84618e-17 4.25156e-17 2.58045e-17 1.5255e-17 8.74877e-18 4.84401e-18 2.5744e-18 1.30418e-18 6.24495e-19 2.798e-19 1.15891e-19 4.37666e-20 1.48625e-20 4.503e-21 1.23874e-21 3.37534e-22 1.08179e-22 4.41156e-23 7.21692 0.15524 -0.07141 7.21859 11.26953 39.82206 -0.36305 0
0 0.3940 1 21.2963 19.4661 17.5714 1.6146e-14 3.8636e-11 2.7765e-11 1.97863e-11 1.39721e-11 9.76891e-12 6.7573e-12 4.62056e-12 3.12084e-12 2.08061e-12 1.36829e-12 8.87224e-13 5.67102e-13 3.57372e-13 2.22165e-13 1.36414e-13 8.28913e-14 4.99799e-14 3.00014e-14 1.79913e-14 1.08114e-14 6.52256e-15 3.95125e-15 2.39915e-15 1.45522e-15 8.7805e-16 5.24728e-16 3.09343e-16 1.79287e-16 1.01857e-16 5.65762e-17 3.06461e-17 1.6146e-17 8.24976e-18 4.07468e-18 1.93835e-18 8.84414e-19 3.85232e-19 1.5933e-19 6.21855e-20 2.27374e-20 7.72046e-21 2.40737e-21 6.78756e-22 1.68892e-22 3.54944e-23 5.74853e-24 5.73312e-25 1.70078e-26 6.13171e-32 3.92617e-238 4.06864 -3.81989 -0.24625 5.58081 6.20628 41.00197 -2.27392 0
0 1.3080 1 17.9594 28.6107 12.9169 2.5694e-13 2.1151e-10 1.50304e-10 1.06263e-10 7.47434e-11 5.23109e-11 3.64376e-11 2.52702e-11 1.74577e-11 1.20209e-11 8.25534e-12 5.65783e-12 3.87172e-12 2.64632e-12 1.80674e-12 1.23187e-12 8.38335e-13 5.6899e-13 3.84759e-13 2.5893e-13 1.73214e-13 1.15053e-13 7.57988e-14 4.94806e-14 3.19735e-14 2.04318e-14 1.28987e-14 8.03601e-15 4.93491e-15 2.98333e-15 1.7729e-15 1.03403e-15 5.90849e-16 3.30106e-16 1.79929e-16 9.5441e-17 4.913e-17 2.44664e-17 1.17455e-17 5.41388e-18 2.38515e-18 9.99185e-19 3.95656e-19 1.47069e-19 5.08921e-20 1.62255e-20 4.69962e-21 1.21065e-21 2.67316e-22 4.69847e-23 5.53586e-24 2.77886 -7.11823 0.06306 7.64142 3.10408 63.56144 1.16411 0
0 0.5610 1 7.0447 3.7142 10.4817 7.0539e-15 5.43309e-12 4.01698e-12 2.95411e-12 2.15964e-12 1.56858e-12 1.1312e-12 8.09501e-13 5.74481e-13 4.04073e-13 2.81537e-13 1.94222e-13 1.32617e-13 8.96109e-14 5.99267e-14 3.96786e-14 2.60338e-14 1.69494e-14 1.09711e-14 7.07786e-15 4.56407e-15 2.95031e-15 1.91659e-15 1.25315e-15 8.24884e-16 5.45991e-16 3.62563e-16 2.40832e-16 1.59539e-16 1.05114e-16 6.87277e-17 4.45165e-17 2.85253e-17 1.80611e-17 1.12869e-17 6.9536e-18 4.21791e-18 2.51553e-18 1.47275e-18 8.44974e-19 4.74174e-19 2.59702e-19 1.38488e-19 7.17091e-20 3.59459e-20 1.73843e-20 8.08031e-21 3.59396e-21 1.52209e-21 6.10339e-22 2.30197e-22 -3.49986 10.58460 0.01560 11.14822 19.40287 -10.39181 0.04607 0
0 0.4088 1 18.9928 5.9217 16.6579 2.0574e-15 4.16059e-12 3.00272e-12 2.1499e-12 1.52598e-12 1.07295e-12 7.46746e-13 5.1404e-13 3.49725e-13 2.34994e-13 1.55856e-13 1.01984e-13 6.5823e-14 4.1909e-14 2.63365e-14 1.63538e-14 1.00525e-14 6.13224e-15 3.72409e-15 2.25925e-15 1.37344e-15 8.38478e-16 5.14325e-16 3.16576e-16 1.94961e-16 1.19661e-16 7.28933e-17 4.39006e-17 2.60529e-17 1.51926e-17 8.68445e-18 4.8551e-18 2.64842e-18 1.4061e-18 7.24553e-19 3.61232e-19 1.73632e-19 8.01424e-20 3.53602e-20 1.48369e-20 5.88521e-21 2.19162e-21 7.59894e-22 2.42786e-22 7.04858e-23 1.82058e-23 4.03291e-24 7.11878e-25 8.44029e-26 4.08571e-27 5.07391e-30 -2.59857 10.66540 0.07621 10.97740 19.34091 -7.72145 0.22576 0
0 0.2975 1 38.6414 20.9882 23.6081 2.0611e-15 1.82767e-11 1.27821e-11 8.84067e-12 6.03897e-12 4.07074e-12 2.70537e-12 1.76944e-12 1.13792e-12 7.18883e-13 4.45797e-13 2.70623e-13 1.6086e-13 9.3609e-14 5.33552e-14 2.98205e-14 1.63392e-14 8.81495e-15 4.70893e-15 2.50425e-15 1.33176e-15 7.09598e-16 3.78206e-16 2.00622e-16 1.0516e-16 5.40536e-17 2.70555e-17 1.31064e-17 6.11134e-18 2.7287e-18 1.16039e-18 4.67198e-19 1.7689e-19 6.24766e-20 2.03814e-20 6.06107e-21 1.61164e-21 3.70839e-22 6.92476e-23 9.06228e-24 5.50826e-25 2.24381e-27 3.57817e-69 1.18529e-80 4.04391e-94 9.24112e-113 3.92594e-138 2.75098e-172 6.86592e-211 3.39907e-259 0.0 -2.72636 -1.26384 -0.12613 3.00505 7.73375 -20.64485 -0.93445 0
0 0.7089 2 4.8208 68.6422 19.6516 4.1880e-12 2.54698e-10 2.01929e-10 1.59961e-10 1.26629e-10 1.00157e-10 7.91343e-11 6.24662e-11 4.92427e-11 3.8763e-11 3.04731e-11 2.39113e-11 1.87223e-11 1.46303e-11 1.14085e-11 8.86425e-12 6.86615e-12 5.3006e-12 4.07675e-12 3.12133e-12 2.37472e-12 1.79603e-12 1.34925e-12 1.00585e-12 7.43277e-13 5.43734e-13 3.93208e-13 2.80672e-13 1.97448e-13 1.36697e-13 9.30223e-14 6.21619e-14 4.07642e-14 2.62179e-14 1.65242e-14 1.01902e-14 6.1337e-15 3.59081e-15 2.03554e-15 1.11145e-15 5.80809e-16 2.8821e-16 1.34502e-16 5.83313e-17 2.31605e-17 8.26341e-18 2.58831e-18 6.91663e-19 1.52614e-19 2.71432e-20 4.09671e-21 -0.13025 -10.46400 0.01620 10.46481 1.96838 -176.20574 0.47160 0
0 0.4536 2 9.6927 30.8863 34.3418 3.8413e-13 3.79942e-11 2.99301e-11 2.35437e-11 1.84889e-11 1.44943e-11 1.1339e-11 8.85079e-12 6.89237e-12 5.35141e-12 4.14241e-12 3.19619e-12 2.45635e-12 1.87965e-12 1.43183e-12 1.08535e-12 8.17542e-13 6.11781e-13 4.5456e-13 3.35087e-13 2.44852e-13 1.77081e-13 1.26489e-13 8.91775e-14 6.19467e-14 4.23103e-14 2.83464e-14 1.85771e-14 1.18722e-14 7.37349e-15 4.43431e-15 2.57257e-15 1.43441e-15 7.65355e-16 3.89561e-16 1.88184e-16 8.559e-17 3.62766e-17 1.41465e-17 4.9962e-18 1.56702e-18 4.25893e-19 9.72774e-20 1.79808e-20 2.57676e-21 2.78925e-22 2.55128e-23 3.30717e-24 7.39699e-25 1.7419e-25 3.46586e-26 -4.92523 -2.65546 -0.15842 5.59548 7.64471 -40.12105 -1.18739 0
