skymodel/snr/test/old/ctadc_skymodel_gps_sources_snr_3.ecsv
# %ECSV 0.9
# ---
# datatype:
# - {name: Simulation_number, unit: '', datatype: float64, format: '%i', description: Simulation
#     number}
# - {name: n0, unit: 1 / cm3, datatype: float64, format: '%0.4f', description: density}
# - {name: type, unit: '', datatype: float64, format: '%i', description: type of progenitor}
# - {name: age, unit: kyear, datatype: float64, format: '%0.4f', description: age of
#     the SNR}
# - {name: sigma, unit: arcmin, datatype: float64, format: '%0.4f', description: apparent
#     size of the SNR}
# - {name: size_physical, unit: pc, datatype: float64, format: '%0.4f', description: SNR
#     Radius}
# - {name: flux_1_10, unit: 1 / (cm2 s), datatype: float64, format: '%0.4e', description: Integral
#     flux from 1 to 10 TeV}
# - {name: '0.1', unit: 1 / (cm2 s TeV), datatype: float64, description: Differential
#     spectrum}
# - {name: '0.11514', unit: 1 / (cm2 s TeV), datatype: float64, description: Differential
#     spectrum}
# - {name: '0.132571', unit: 1 / (cm2 s TeV), datatype: float64, description: Differential
#     spectrum}
# - {name: '0.152642', unit: 1 / (cm2 s TeV), datatype: float64, description: Differential
#     spectrum}
# - {name: '0.175751', unit: 1 / (cm2 s TeV), datatype: float64, description: Differential
#     spectrum}
# - {name: '0.202359', unit: 1 / (cm2 s TeV), datatype: float64, description: Differential
#     spectrum}
# - {name: '0.232995', unit: 1 / (cm2 s TeV), datatype: float64, description: Differential
#     spectrum}
# - {name: '0.26827', unit: 1 / (cm2 s TeV), datatype: float64, description: Differential
#     spectrum}
# - {name: '0.308884', unit: 1 / (cm2 s TeV), datatype: float64, description: Differential
#     spectrum}
# - {name: '0.355648', unit: 1 / (cm2 s TeV), datatype: float64, description: Differential
#     spectrum}
# - {name: '0.409492', unit: 1 / (cm2 s TeV), datatype: float64, description: Differential
#     spectrum}
# - {name: '0.471487', unit: 1 / (cm2 s TeV), datatype: float64, description: Differential
#     spectrum}
# - {name: '0.542868', unit: 1 / (cm2 s TeV), datatype: float64, description: Differential
#     spectrum}
# - {name: '0.625055', unit: 1 / (cm2 s TeV), datatype: float64, description: Differential
#     spectrum}
# - {name: '0.719686', unit: 1 / (cm2 s TeV), datatype: float64, description: Differential
#     spectrum}
# - {name: '0.828643', unit: 1 / (cm2 s TeV), datatype: float64, description: Differential
#     spectrum}
# - {name: '0.954095', unit: 1 / (cm2 s TeV), datatype: float64, description: Differential
#     spectrum}
# - {name: '1.09854', unit: 1 / (cm2 s TeV), datatype: float64, description: Differential
#     spectrum}
# - {name: '1.26486', unit: 1 / (cm2 s TeV), datatype: float64, description: Differential
#     spectrum}
# - {name: '1.45635', unit: 1 / (cm2 s TeV), datatype: float64, description: Differential
#     spectrum}
# - {name: '1.67683', unit: 1 / (cm2 s TeV), datatype: float64, description: Differential
#     spectrum}
# - {name: '1.9307', unit: 1 / (cm2 s TeV), datatype: float64, description: Differential
#     spectrum}
# - {name: '2.223', unit: 1 / (cm2 s TeV), datatype: float64, description: Differential
#     spectrum}
# - {name: '2.55955', unit: 1 / (cm2 s TeV), datatype: float64, description: Differential
#     spectrum}
[...]
#     from Earth}
# - {name: glon, unit: deg, datatype: float64, format: '%.5f', description: Galactic
#     longitude}
# - {name: glat, unit: deg, datatype: float64, format: '%.5f', description: Galactic
#     latitude}
# - {name: skip, datatype: float64, format: '%.d', description: 'Skip boolean, 1 skip
#     0 keep'}
# meta: !!omap
# - simulation_parameters:
#   - {description: Spectral index, name: alpha, value: 4.1}
#   - {description: Electron to proton ratio, name: Kep, value: 0.01}
#   - {description: CR efficiency, name: xi, value: 0.1}
# - energy_array: [0.1, 0.11514, 0.132571, 0.152642, 0.175751, 0.202359, 0.232995, 0.26827,
#     0.308884, 0.355648, 0.409492, 0.471487, 0.542868, 0.625055, 0.719686, 0.828643,
#     0.954095, 1.09854, 1.26486, 1.45635, 1.67683, 1.9307, 2.223, 2.55955, 2.94705,
#     3.39322, 3.90694, 4.49843, 5.17947, 5.96362, 6.86649, 7.90604, 9.10298, 10.4811,
#     12.0679, 13.895, 15.9986, 18.4207, 21.2095, 24.4205, 28.1177, 32.3746, 37.2759,
#     42.9193, 49.4171, 56.8987, 65.5129, 75.4312, 86.8511, 100.0]
# schema: astropy-2.0
Simulation_number n0 type age sigma size_physical flux_1_10 0.1 0.11514 0.132571 0.152642 0.175751 0.202359 0.232995 0.26827 0.308884 0.355648 0.409492 0.471487 0.542868 0.625055 0.719686 0.828643 0.954095 1.09854 1.26486 1.45635 1.67683 1.9307 2.223 2.55955 2.94705 3.39322 3.90694 4.49843 5.17947 5.96362 6.86649 7.90604 9.10298 10.4811 12.0679 13.895 15.9986 18.4207 21.2095 24.4205 28.1177 32.3746 37.2759 42.9193 49.4171 56.8987 65.5129 75.4312 86.8511 100.0 galactocentric_x galactocentric_y galactocentric_z galactocentric_r distance glon glat skip
[from data line 573]
0 0.3137 2 2.1384 4.0447 8.5067 1.4884e-14 1.13512e-12 8.97046e-13 7.08525e-13 5.59014e-13 4.40555e-13 3.46912e-13 2.72647e-13 2.1394e-13 1.67643e-13 1.31031e-13 1.02125e-13 7.9407e-14 6.15869e-14 4.75316e-14 3.65221e-14 2.7939e-14 2.1267e-14 1.60962e-14 1.20857e-14 8.99261e-15 6.63292e-15 4.84506e-15 3.50136e-15 2.50105e-15 1.76458e-15 1.22914e-15 8.45126e-16 5.73593e-16 3.84245e-16 2.53941e-16 1.65396e-16 1.05989e-16 6.6682e-17 4.10805e-17 2.47068e-17 1.44538e-17 8.18962e-18 4.47123e-18 2.33759e-18 1.16145e-18 5.43374e-19 2.36639e-19 9.45786e-20 3.4081e-20 1.08304e-20 2.95396e-21 6.69786e-22 1.22388e-22 1.80287e-23 2.46264e-24 -8.89290 2.90152 -0.15121 9.35428 14.46033 -37.95334 -0.59917 0
0 1.3714 2 1.0553 5.4930 4.4354 3.5356e-14 3.06316e-12 2.40633e-12 1.88939e-12 1.48209e-12 1.16147e-12 9.09354e-13 7.10687e-13 5.54614e-13 4.32156e-13 3.35805e-13 2.60324e-13 2.0131e-13 1.55167e-13 1.19081e-13 9.10256e-14 6.9275e-14 5.24636e-14 3.94416e-14 2.94337e-14 2.1793e-14 1.59919e-14 1.16158e-14 8.33923e-15 5.90787e-15 4.12305e-15 2.82976e-15 1.907e-15 1.26026e-15 8.1592e-16 5.17075e-16 3.20448e-16 1.93913e-16 1.14305e-16 6.5417e-17 3.61976e-17 1.92715e-17 9.81675e-18 4.75454e-18 2.17488e-18 9.33735e-19 3.74838e-19 1.41192e-19 5.08885e-20 1.83621e-20 7.05393e-21 2.97492e-21 1.33477e-21 6.02904e-22 2.64154e-22 1.10382e-22 5.24725 -6.68703 0.03540 8.50000 5.55173 70.93953 0.36538 0
0 0.2682 3 7.3207 27.4096 34.3418 4.5193e-13 3.69806e-11 2.91954e-11 2.30218e-11 1.81291e-11 1.42552e-11 1.11906e-11 8.76862e-12 6.85698e-12 5.34989e-12 4.16357e-12 3.23141e-12 2.50013e-12 1.92772e-12 1.4808e-12 1.13272e-12 8.62368e-13 6.5317e-13 4.91919e-13 3.68143e-13 2.73514e-13 2.01614e-13 1.47317e-13 1.06597e-13 7.62959e-14 5.39438e-14 3.7618e-14 2.58251e-14 1.74136e-14 1.15074e-14 7.43116e-15 4.67045e-15 2.84402e-15 1.66968e-15 9.39406e-16 5.03029e-16 2.54373e-16 1.20444e-16 5.28431e-17 2.13318e-17 7.82497e-18 2.56038e-18 7.2958e-19 1.75618e-19 3.43568e-20 5.20622e-21 5.7823e-22 4.55225e-23 3.1616e-24 4.24899e-25 9.32835e-26 2.92040 -0.39681 0.13141 2.94724 8.61439 19.81923 0.87408 0
0 0.2766 1 25.8373 7.3361 20.3786 1.0143e-15 3.81431e-12 2.74299e-12 1.95501e-12 1.37982e-12 9.63457e-13 6.64909e-13 4.5308e-13 3.04497e-13 2.01609e-13 1.31364e-13 8.41417e-14 5.29183e-14 3.26508e-14 1.97519e-14 1.17134e-14 6.81133e-15 3.88784e-15 2.18385e-15 1.21174e-15 6.67472e-16 3.67062e-16 2.02543e-16 1.1247e-16 6.28243e-17 3.51658e-17 1.95998e-17 1.07982e-17 5.84027e-18 3.08322e-18 1.58139e-18 7.84824e-19 3.75401e-19 1.72341e-19 7.55827e-20 3.14988e-20 1.2398e-20 4.57606e-21 1.57033e-21 4.95612e-22 1.41744e-22 3.59041e-23 7.73334e-24 1.30243e-24 1.40174e-25 5.13992e-27 5.06464e-31 2.33002e-124 1.75827e-154 7.85981e-189 1.51652e-231 -10.05070 7.74062 -0.07741 12.68597 19.09922 -31.75178 -0.23222 0
0 3.6998 1 13.9184 5.2458 9.4760 5.8489e-14 2.84508e-11 2.04915e-11 1.47342e-11 1.05775e-11 7.58205e-12 5.42694e-12 3.87879e-12 2.76816e-12 1.97238e-12 1.40285e-12 9.95701e-13 7.05012e-13 4.97777e-13 3.50306e-13 2.45599e-13 1.71458e-13 1.19132e-13 8.23413e-14 5.65868e-14 3.86456e-14 2.62147e-14 1.76526e-14 1.17934e-14 7.8118e-15 5.12683e-15 3.33119e-15 2.14113e-15 1.36013e-15 8.53048e-16 5.27644e-16 3.21475e-16 1.92663e-16 1.13407e-16 6.54538e-17 3.69717e-17 2.03954e-17 1.09623e-17 5.72578e-18 2.89766e-18 1.4161e-18 6.65799e-19 2.99883e-19 1.28772e-19 5.24271e-20 2.01084e-20 7.21135e-21 2.39595e-21 7.28758e-22 1.99509e-22 4.78284e-23 3.01397 3.54856 -0.01440 4.65578 12.41982 14.04443 -0.06644 0
0 0.0196 1 29.5786 29.5824 36.4451 2.4125e-17 2.74491e-12 1.6802e-12 1.0048e-12 5.86104e-13 3.32953e-13 1.83967e-13 9.87821e-14 5.15465e-14 2.61762e-14 1.29822e-14 6.32994e-15 3.0655e-15 1.49409e-15 7.42582e-16 3.79495e-16 1.9931e-16 1.06606e-16 5.73017e-17 3.05497e-17 1.5987e-17 8.14958e-18 4.02391e-18 1.91533e-18 8.7486e-19 3.81602e-19 1.58082e-19 6.18049e-20 2.26372e-20 7.69862e-21 2.40361e-21 6.78156e-22 1.68661e-22 3.53314e-23 5.65824e-24 5.42549e-25 1.3457e-26 1.39472e-69 3.28282e-79 9.27615e-93 4.64168e-109 4.1268e-128 1.39632e-154 1.11015e-190 2.41767e-239 1.51699e-293 0.0 0.0 0.0 0.0 0.0 1.11093 -0.10792 0.29730 1.11616 8.47052 7.54087 2.01137 0
0 0.7957 1 20.2894 16.9072 14.9792 3.3923e-14 4.39595e-11 3.11856e-11 2.1964e-11 1.53523e-11 1.0647e-11 7.32507e-12 4.99966e-12 3.38614e-12 2.27664e-12 1.52058e-12 1.00985e-12 6.67627e-13 4.39941e-13 2.89328e-13 1.90102e-13 1.24878e-13 8.20267e-14 5.38495e-14 3.52938e-14 2.30585e-14 1.49893e-14 9.67617e-15 6.19139e-15 3.91994e-15 2.45183e-15 1.51279e-15 9.19445e-16 5.49655e-16 3.22693e-16 1.85727e-16 1.04596e-16 5.75151e-17 3.0806e-17 1.6029e-17 8.07768e-18 3.92912e-18 1.83765e-18 8.2281e-19 3.50955e-19 1.41793e-19 5.39072e-20 1.91356e-20 6.2817e-21 1.88315e-21 5.06206e-22 1.1837e-22 2.2721e-23 3.14892e-24 2.2394e-25 2.04715e-27 -0.30007 -2.41611 -0.04320 2.43467 6.09144 -2.82369 -0.40638 0
0 0.4060 1 28.0390 13.7028 19.5072 3.8703e-15 1.36001e-11 9.62358e-12 6.74511e-12 4.67894e-12 3.2097e-12 2.17566e-12 1.45608e-12 9.61484e-13 6.26063e-13 4.01797e-13 2.54128e-13 1.58436e-13 9.74394e-14 5.91862e-14 3.55748e-14 2.1215e-14 1.25903e-14 7.45816e-15 4.42047e-15 2.62433e-15 1.55951e-15 9.25453e-16 5.46516e-16 3.19792e-16 1.84606e-16 1.04709e-16 5.81462e-17 3.15123e-17 1.66171e-17 8.50005e-18 4.20381e-18 2.00275e-18 9.15313e-19 3.99419e-19 1.65527e-19 6.47434e-20 2.37276e-20 8.07671e-21 2.52522e-21 7.14088e-22 1.78283e-22 3.76214e-23 6.12528e-24 6.15218e-25 1.84091e-26 6.30695e-32 1.83658e-156 2.10472e-193 5.04385e-236 3.40246e-294 -9.71791 -7.33165 0.02280 12.17337 9.78792 -83.14444 0.13348 0
0 0.1772 1 23.9762 17.0907 21.6107 7.0447e-15 2.01176e-11 1.47248e-11 1.06932e-11 7.69841e-12 5.4898e-12 3.87407e-12 2.70257e-12 1.86174e-12 1.26498e-12 8.4656e-13 5.5726e-13 3.60288e-13 2.28425e-13 1.41731e-13 8.59231e-14 5.08051e-14 2.9251e-14 1.63762e-14 8.90266e-15 4.69572e-15 2.40724e-15 1.20371e-15 5.91052e-16 2.87889e-16 1.40799e-16 6.98609e-17 3.52888e-17 1.80423e-17 9.22174e-18 4.64757e-18 2.2832e-18 1.0841e-18 4.94307e-19 2.15225e-19 8.89793e-20 3.47096e-20 1.26821e-20 4.30197e-21 1.33962e-21 3.76984e-22 9.35334e-23 1.95616e-23 3.13757e-24 3.05464e-25 8.30664e-27 1.25231e-33 2.65659e-97 5.39265e-119 4.14042e-148 7.633e-180 -8.65818 -9.27193 -0.15302 12.68593 8.69387 -95.09480 -1.00848 0
0 0.0032 3 10.0953 19.9934 25.9783 2.0158e-13 2.96324e-11 2.32093e-11 1.81393e-11 1.41458e-11 1.10017e-11 8.53202e-12 6.59714e-12 5.08151e-12 3.89902e-12 2.97951e-12 2.26537e-12 1.71286e-12 1.28769e-12 9.62056e-13 7.13057e-13 5.24012e-13 3.81612e-13 2.7513e-13 1.96146e-13 1.38069e-13 9.55942e-14 6.50842e-14 4.34769e-14 2.84226e-14 1.81311e-14 1.12499e-14 6.76628e-15 3.93115e-15 2.19865e-15 1.17968e-15 6.04944e-16 2.95078e-16 1.36076e-16 5.88084e-17 2.35614e-17 8.63662e-18 2.85035e-18 8.30654e-19 2.08889e-19 4.42109e-20 7.738e-21 1.15306e-21 1.75614e-22 3.68923e-23 1.00163e-23 2.70788e-24 6.49732e-25 1.29809e-25 1.93229e-26 1.61738e-27 -0.06877 0.42375 0.41441 0.42929 8.93363 -0.44151 2.65880 0
0 0.3677 1 10.2007 6.8200 13.2407 9.8499e-15 1.04581e-11 7.74364e-12 5.69975e-12 4.16783e-12 3.02563e-12 2.17905e-12 1.55575e-12 1.10027e-12 7.70181e-13 5.33177e-13 3.64739e-13 2.4637e-13 1.64204e-13 1.07926e-13 6.99302e-14 4.46685e-14 2.81417e-14 1.75072e-14 1.07766e-14 6.58341e-15 4.00725e-15 2.44153e-15 1.49576e-15 9.2456e-16 5.77422e-16 3.63964e-16 2.30784e-16 1.46539e-16 9.2733e-17 5.82386e-17 3.61767e-17 2.21708e-17 1.33784e-17 7.93493e-18 4.618e-18 2.63237e-18 1.46673e-18 7.97056e-19 4.21384e-19 2.1612e-19 1.07193e-19 5.1233e-20 2.35014e-20 1.02996e-20 4.29008e-21 1.68824e-21 6.23292e-22 2.14089e-22 6.76946e-23 1.94235e-23 3.84569 4.27811 0.33333 5.75253 13.34843 16.74965 1.43092 0
0 0.5583 3 8.6198 17.4591 34.3418 1.5193e-13 1.69715e-11 1.33409e-11 1.04692e-11 8.20018e-12 6.40953e-12 4.9982e-12 3.88764e-12 3.01524e-12 2.33119e-12 1.79606e-12 1.37843e-12 1.05336e-12 8.01155e-13 6.06178e-13 4.55962e-13 3.40779e-13 2.52896e-13 1.86218e-13 1.3591e-13 9.82308e-14 7.02358e-14 4.96202e-14 3.459e-14 2.37547e-14 1.60421e-14 1.06292e-14 6.89161e-15 4.36065e-15 2.68347e-15 1.59946e-15 9.18173e-16 5.04225e-16 2.63064e-16 1.29265e-16 5.92378e-17 2.5041e-17 9.64876e-18 3.34345e-18 1.02711e-18 2.7316e-19 6.10184e-20 1.10331e-20 1.54953e-21 1.65386e-22 1.53268e-23 2.09787e-24 4.84413e-25 1.16116e-25 2.36314e-26 3.6367e-27 2.27371 4.83087 0.13141 5.33920 13.52402 9.67921 0.55675 0
0 0.1852 1 10.4911 6.4548 15.3437 8.6928e-15 7.06067e-12 5.31832e-12 3.98545e-12 2.96967e-12 2.19888e-12 1.61685e-12 1.17978e-12 8.53609e-13 6.11889e-13 4.34155e-13 3.0461e-13 2.11107e-13 1.44349e-13 9.72598e-14 6.44886e-14 4.20195e-14 2.68659e-14 1.68305e-14 1.03165e-14 6.18002e-15 3.61516e-15 2.06504e-15 1.15323e-15 6.31571e-16 3.41125e-16 1.83291e-16 9.90543e-17 5.44312e-17 3.06273e-17 1.76459e-17 1.03379e-17 6.09327e-18 3.57553e-18 2.07183e-18 1.17886e-18 6.56195e-19 3.56294e-19 1.88198e-19 9.64299e-20 4.77765e-20 2.2807e-20 1.04475e-20 4.57149e-21 1.90076e-21 7.46452e-22 2.74931e-22 9.417e-23 2.96777e-23 8.48062e-24 2.14862e-24 9.35534 4.89939 -0.23123 10.56061 16.34379 34.92242 -0.81064 0
0 0.4224 1 37.4465 19.5175 21.7364 3.2541e-15 1.85732e-11 1.28854e-11 8.84206e-12 5.99634e-12 4.01588e-12 2.65382e-12 1.72911e-12 1.11032e-12 7.02548e-13 4.37737e-13 2.68734e-13 1.62703e-13 9.72975e-14 5.75772e-14 3.37663e-14 1.96922e-14 1.14495e-14 6.6477e-15 3.85499e-15 2.22925e-15 1.28152e-15 7.29308e-16 4.08978e-16 2.24964e-16 1.20877e-16 6.32053e-17 3.2047e-17 1.56989e-17 7.40125e-18 3.34359e-18 1.44033e-18 5.88329e-19 2.26395e-19 8.14479e-20 2.71396e-20 8.27523e-21 2.2694e-21 5.44232e-22 1.08227e-22 1.58888e-23 1.27016e-24 1.73061e-26 4.18066e-89 2.87238e-105 1.74844e-127 1.421e-157 3.11751e-197 3.03317e-239 9.76226e-297 0.0 5.05288 -2.74953 0.18018 5.75252 7.65715 41.30545 1.34835 0
0 3.4819 3 11.2544 17.2965 34.3418 2.7259e-14 1.54552e-11 1.18003e-11 8.96731e-12 6.77919e-12 5.0958e-12 3.80642e-12 2.82371e-12 2.07884e-12 1.51772e-12 1.09792e-12 7.86235e-13 5.56797e-13 3.89503e-13 2.68813e-13 1.82769e-13 1.22234e-13 8.02699e-14 5.16572e-14 3.25056e-14 1.995e-14 1.1908e-14 6.8901e-15 3.85011e-15 2.06873e-15 1.06351e-15 5.20069e-16 2.40271e-16 1.0404e-16 4.18306e-17 1.54467e-17 5.17342e-18 1.55021e-18 4.10428e-19 9.56625e-20 2.01317e-20 4.25524e-21 1.07545e-21 3.34439e-22 1.10401e-22 3.46559e-23 9.90797e-24 2.51031e-24 5.41013e-25 9.1246e-26 9.85981e-27 3.6704e-28 4.4664e-32 1.32233e-60 4.24353e-71 2.25078e-85 -0.53353 5.14073 0.02760 5.16834 13.65119 -2.23987 0.11585 0
0 1.3009 1 20.9461 25.8897 13.7550 1.5658e-13 1.44731e-10 1.02388e-10 7.20576e-11 5.04529e-11 3.51516e-11 2.43774e-11 1.68343e-11 1.15824e-11 7.94408e-12 5.43488e-12 3.71074e-12 2.52938e-12 1.72153e-12 1.16978e-12 7.93206e-13 5.36356e-13 3.61322e-13 2.42234e-13 1.61424e-13 1.06805e-13 7.00822e-14 4.55571e-14 2.93078e-14 1.86399e-14 1.17078e-14 7.25415e-15 4.42843e-15 2.65999e-15 1.56973e-15 9.0859e-16 5.14872e-16 2.8505e-16 1.53824e-16 8.07015e-17 4.10413e-17 2.01657e-17 9.53773e-18 4.32405e-18 1.87015e-18 7.67411e-19 2.96899e-19 1.07497e-19 3.60974e-20 1.11129e-20 3.08589e-21 7.53114e-22 1.54003e-22 2.38439e-23 2.16958e-24 4.8736e-26 -3.02437 -6.45266 0.07207 7.12626 3.65289 -55.90406 1.13053 0
0 0.3793 2 6.8583 11.5085 25.9783 8.6144e-14 5.64661e-12 4.47512e-12 3.5435e-12 2.80351e-12 2.21626e-12 1.74958e-12 1.37974e-12 1.08671e-12 8.54228e-13 6.70454e-13 5.25395e-13 4.10428e-13 3.19861e-13 2.48647e-13 1.92742e-13 1.48651e-13 1.14177e-13 8.72965e-14 6.63987e-14 5.02045e-14 3.76861e-14 2.80193e-14 2.06424e-14 1.50516e-14 1.08491e-14 7.72074e-15 5.4185e-15 3.74664e-15 2.55065e-15 1.70891e-15 1.12647e-15 7.30105e-16 4.64968e-16 2.90406e-16 1.77403e-16 1.05647e-16 6.10943e-17 3.4147e-17 1.83425e-17 9.40466e-18 4.56411e-18 2.07489e-18 8.72296e-19 3.33686e-19 1.13803e-19 3.37199e-20 8.3985e-21 1.68568e-21 2.5885e-22 2.88745e-23 -0.85741 6.99539 -0.18422 7.04774 15.52019 -3.16713 -0.68009 0
0 0.2221 1 3.1062 3.6385 8.9860 2.2702e-14 7.07973e-12 5.43354e-12 4.15754e-12 3.17034e-12 2.40827e-12 1.82152e-12 1.37112e-12 1.02658e-12 7.6408e-13 5.64979e-13 4.14739e-13 3.02026e-13 2.18014e-13 1.55854e-13 1.10236e-13 7.70661e-14 5.31927e-14 3.62062e-14 2.42728e-14 1.60071e-14 1.0371e-14 6.59393e-15 4.11034e-15 2.51079e-15 1.50338e-15 8.83728e-16 5.11726e-16 2.93626e-16 1.68414e-16 9.76086e-17 5.77711e-17 3.51536e-17 2.19945e-17 1.4061e-17 9.09746e-18 5.90182e-18 3.81217e-18 2.44094e-18 1.54531e-18 9.65703e-19 5.94945e-19 3.60873e-19 2.15215e-19 1.25997e-19 7.22889e-20 4.05678e-20 2.22211e-20 1.1852e-20 6.13917e-21 3.07908e-21 -0.88062 8.45426 -0.32432 8.50000 16.98021 -2.97331 -1.09442 0
0 1.3608 1 20.3159 18.4600 13.4657 9.0369e-14 7.93641e-11 5.62086e-11 3.96118e-11 2.77794e-11 1.939e-11 1.3475e-11 9.32715e-12 6.43375e-12 4.42499e-12 3.03621e-12 2.07934e-12 1.42177e-12 9.70689e-13 6.61613e-13 4.49985e-13 3.05175e-13 2.06184e-13 1.38629e-13 9.26542e-14 6.14896e-14 4.04761e-14 2.64004e-14 1.70453e-14 1.08831e-14 6.86453e-15 4.27273e-15 2.62134e-15 1.58307e-15 9.39734e-16 5.4745e-16 3.12421e-16 1.74311e-16 9.48696e-17 5.02409e-17 2.58163e-17 1.28311e-17 6.14628e-18 2.82611e-18 1.24167e-18 5.18554e-19 2.04618e-19 7.57542e-20 2.60934e-20 8.27411e-21 2.38083e-21 6.08158e-22 1.32691e-22 2.28716e-23 2.59185e-24 1.11574e-25 2.64544 -4.23987 0.08281 4.99748 5.01537 31.83930 0.94605 0
0 0.3729 1 30.4636 16.8583 20.5137 4.0794e-15 1.78034e-11 1.25652e-11 8.7804e-12 6.06975e-12 4.14713e-12 2.79809e-12 1.86272e-12 1.22249e-12 7.9032e-13 5.03032e-13 3.15138e-13 1.94301e-13 1.17944e-13 7.05692e-14 4.16967e-14 2.4394e-14 1.41763e-14 8.20552e-15 4.74708e-15 2.74996e-15 1.59515e-15 9.24561e-16 5.33398e-16 3.0481e-16 1.71654e-16 9.4814e-17 5.11548e-17 2.68602e-17 1.36789e-17 6.7327e-18 3.19063e-18 1.44968e-18 6.28481e-19 2.58554e-19 1.00299e-19 3.64162e-20 1.22635e-20 3.78636e-21 1.05447e-21 2.58086e-22 5.29119e-23 8.20033e-24 7.41149e-25 1.57869e-26 2.02513e-105 1.88161e-128 1.61634e-159 8.66177e-197 1.54244e-240 3.3317e-300 -3.82772 -1.06218 -0.15002 3.97236 8.36631 -27.23168 -1.02742 0
0 0.3445 2 1.1006 2.8268 4.4354 2.6750e-14 2.74118e-12 2.1404e-12 1.67003e-12 1.30179e-12 1.01357e-12 7.88074e-13 6.11738e-13 4.73963e-13 3.6642e-13 2.82569e-13 2.17293e-13 1.66565e-13 1.27215e-13 9.67697e-14 7.32808e-14 5.52085e-14 4.13569e-14 3.07856e-14 2.27562e-14 1.66887e-14 1.21297e-14 8.72961e-15 6.21372e-15 4.36865e-15 3.02917e-15 2.06784e-15 1.38688e-15 9.1167e-16 5.8569e-16 3.66476e-16 2.2243e-16 1.30313e-16 7.3265e-17 3.92572e-17 1.98861e-17 9.43576e-18 4.14291e-18 1.66921e-18 6.12246e-19 2.0185e-19 5.89771e-20 1.51392e-20 3.46302e-21 7.58042e-22 1.81505e-22 5.05454e-23 1.48544e-23 4.11844e-24 1.01341e-24 2.10082e-25 7.20313 -0.47225 -0.21962 7.21859 10.78787 41.90096 -1.16652 0
0 0.3576 3 6.8799 17.2998 31.2910 2.8505e-13 1.78361e-11 1.41278e-11 1.11817e-11 8.8422e-12 6.98515e-12 5.5123e-12 4.34454e-12 3.41955e-12 2.6876e-12 2.10856e-12 1.65126e-12 1.29058e-12 1.00617e-12 7.82452e-13 6.06797e-13 4.69068e-13 3.61244e-13 2.77118e-13 2.11666e-13 1.60902e-13 1.21598e-13 9.13093e-14 6.80886e-14 5.0376e-14 3.69419e-14 2.68187e-14 1.92469e-14 1.3632e-14 9.5098e-15 6.51928e-15 4.38018e-15 2.87568e-15 1.83864e-15 1.14074e-15 6.84146e-16 3.94935e-16 2.18433e-16 1.15602e-16 5.82257e-17 2.76926e-17 1.23073e-17 5.04405e-18 1.87512e-18 6.19236e-19 1.76914e-19 4.22781e-20 8.09302e-21 1.17364e-21 1.20611e-22 8.36338e-24 4.42024 3.11765 0.38438 5.40909 12.43608 20.83063 1.77122 0
