skymodel/snr/OUTPUT_FILES_1/ctadc_skymodel_gps_sources_pevatron_0.ecsv
# %ECSV 0.9
# ---
# datatype:
# - {name: Num_SNR, unit: '', datatype: float64, format: '%i', description: Simulation number}
# - {name: n0, unit: 1 / cm3, datatype: float64, format: '%0.4f', description: density}
# - {name: type, unit: '', datatype: float64, format: '%i', description: type of progenitor}
# - {name: agekyr, unit: kyear, datatype: float64, format: '%0.4f', description: age of the SNR}
# - {name: sigma, unit: arcmin, datatype: float64, format: '%0.4f', description: apparent size of the SNR}
# - {name: SNR_radiuspc, unit: pc, datatype: float64, format: '%0.4f', description: SNR Radius}
# - {name: '0.1', unit: TeV / (cm2 s), datatype: float64, description: Differential spectrum}
# - {name: '0.13433993325989002', unit: TeV / (cm2 s), datatype: float64, description: Differential spectrum}
# - {name: '0.18047217668271703', datatype: float64}
# - {name: '0.24244620170823283', datatype: float64}
# - {name: '0.3257020655659783', datatype: float64}
# - {name: '0.43754793750741844', datatype: float64}
# - {name: '0.5878016072274912', datatype: float64}
# - {name: '0.7896522868499725', datatype: float64}
# - {name: '1.0608183551394483', datatype: float64}
# - {name: '1.4251026703029979', datatype: float64}
# - {name: '1.9144819761699576', datatype: float64}
# - {name: '2.5719138090593443', datatype: float64}
# - {name: '3.455107294592218', datatype: float64}
# - {name: '4.6415888336127775', datatype: float64}
# - {name: '6.235507341273912', datatype: float64}
# - {name: '8.376776400682916', datatype: float64}
# - {name: '11.253355826007645', datatype: float64}
# - {name: '15.117750706156615', datatype: float64}
# - {name: '20.309176209047347', datatype: float64}
# - {name: '27.283333764867667', datatype: float64}
# - {name: '36.65241237079626', datatype: float64}
# - {name: '49.238826317067364', datatype: float64}
# - {name: '66.14740641230146', datatype: float64}
# - {name: '88.86238162743399', datatype: float64}
# - {name: '119.37766417144357', datatype: float64}
# - {name: '160.37187437513293', datatype: float64}
# - {name: '215.44346900318823', datatype: float64}
# - {name: '289.4266124716749', datatype: float64}
# - {name: '388.81551803080856', datatype: float64}
# - {name: '522.3345074266838', datatype: float64}
# - {name: '701.7038286703822', datatype: float64}
# - {name: '942.6684551178845', datatype: float64}
# - {name: '1266.380173467402', datatype: float64}
# - {name: '1701.2542798525858', datatype: float64}
# - {name: '2285.4638641349884', datatype: float64}
# - {name: '3070.2906297578497', datatype: float64}
# - {name: '4124.626382901348', datatype: float64}
# - {name: '5541.020330009481', datatype: float64}
# - {name: '7443.803013251681', datatype: float64}
# - {name: '10000.0', datatype: float64}
# - {name: galactocentric_x, unit: kpc, datatype: float64, format: '%0.5f', description: Galactocentric X}
# - {name: galactocentric_y, unit: kpc, datatype: float64, format: '%0.5f', description: Galactocentric Y}
# - {name: galactocentric_z, unit: kpc, datatype: float64, format: '%0.5f', description: Galactocentric Y}
# - {name: galactocentric_r, unit: kpc, datatype: float64, format: '%0.5f', description: Galactocentric radius in the xy plan}
# - {name: distance, unit: kpc, datatype: float64, format: '%.5f', description: Distance from Earth}
[...]
#     0.7896522868499725, 1.0608183551394483, 1.4251026703029979, 1.9144819761699576, 2.5719138090593443, 3.455107294592218, 4.6415888336127775,
#     6.235507341273912, 8.376776400682916, 11.253355826007645, 15.117750706156615, 20.309176209047347, 27.283333764867667, 36.65241237079626,
#     49.238826317067364, 66.14740641230146, 88.86238162743399, 119.37766417144357, 160.37187437513293, 215.44346900318823, 289.4266124716749,
#     388.81551803080856, 522.3345074266838, 701.7038286703822, 942.6684551178845, 1266.380173467402, 1701.2542798525858, 2285.4638641349884,
#     3070.2906297578497, 4124.626382901348, 5541.020330009481, 7443.803013251681, 10000.0]
# schema: astropy-2.0
Num_SNR n0 type agekyr sigma SNR_radiuspc 0.1 0.13433993325989002 0.18047217668271703 0.24244620170823283 0.3257020655659783 0.43754793750741844 0.5878016072274912 0.7896522868499725 1.0608183551394483 1.4251026703029979 1.9144819761699576 2.5719138090593443 3.455107294592218 4.6415888336127775 6.235507341273912 8.376776400682916 11.253355826007645 15.117750706156615 20.309176209047347 27.283333764867667 36.65241237079626 49.238826317067364 66.14740641230146 88.86238162743399 119.37766417144357 160.37187437513293 215.44346900318823 289.4266124716749 388.81551803080856 522.3345074266838 701.7038286703822 942.6684551178845 1266.380173467402 1701.2542798525858 2285.4638641349884 3070.2906297578497 4124.626382901348 5541.020330009481 7443.803013251681 10000.0 galactocentric_x galactocentric_y galactocentric_z galactocentric_r distance glon glat skip
[from data line 259]
258 0.0482 2 5.8992 22.3611 53.5500 2.702838319444e-12 2.55515616171202e-12 2.415106585617635e-12 2.2824919479334013e-12 2.156916809584976e-12 2.037851304510424e-12 1.9247088451712725e-12 1.816927858353579e-12 1.7140171335013047e-12 1.6155225365295318e-12 1.5209788985858508e-12 1.429908284296231e-12 1.341829737157582e-12 1.2562706985324389e-12 1.1727798408474518e-12 1.090941812044404e-12 1.0103939114789226e-12 9.30844423434794e-13 8.520926705190451e-13 7.740498810144054e-13 6.967600397840895e-13 6.204189988967488e-13 5.453892565350362e-13 4.722072483496546e-13 4.0157887007656566e-13 3.3435840697429234e-13 2.715064222367719e-13 2.1402311853585775e-13 1.628571517618103e-13 1.1879496470811447e-13 8.234287970555121e-14 5.362242920402939e-14 7.823808010419757e-14 1.4119796615881287e-13 2.5482304295853624e-13 4.598846923164064e-13 8.299639144540327e-13 1.4978539420962735e-12 2.7032096128290336e-12 4.878541228569015e-12 -6.06078 6.77501 -1.02402 9.09031 16.46534 -21.64207 -3.56568 0
259 0.5644 3 8.6837 14.6565 32.1850 8.336902212811215e-15 7.87383615259429e-15 7.43309196232882e-15 7.013819837147057e-15 6.6145279823412715e-15 6.233280220815376e-15 5.8679405526460055e-15 5.516433791066963e-15 5.176898511388776e-15 4.8476031211489644e-15 4.526823859196453e-15 4.212875255390186e-15 3.904186018842099e-15 3.599390139524901e-15 3.297431147368644e-15 2.997677741311732e-15 2.7000446620488386e-15 2.4051081758830644e-15 2.1142024260257577e-15 1.829475951822509e-15 1.553885155907785e-15 1.291098952030041e-15 1.0452916529939308e-15 8.208124147887033e-16 6.217385271236958e-16 4.513494725265221e-16 3.115953821409703e-16 2.0266622685393116e-16 1.2278553839500604e-16 6.833323702435941e-17 3.433474620473665e-17 1.5242893904354138e-17 2.042763315521672e-17 3.6866194199979927e-17 6.653322313278148e-17 1.200739560049e-16 2.1670008203109056e-16 3.910833549147418e-16 7.0579664325843125e-16 1.2737665650420451e-15 0.49069 6.58751 0.29129 6.60576 15.09830 1.86278 1.10548 0
260 22.3799 2 4.3081 11.6571 16.0748 9.659247996756511e-09 9.131470002798342e-09 8.63096888972604e-09 8.157038331550603e-09 7.70826513087164e-09 7.282755682859003e-09 6.878413674734538e-09 6.493232188473239e-09 6.125455764066718e-09 5.773461443264523e-09 5.435586832399269e-09 5.1101239135439995e-09 4.7953538720339834e-09 4.489587905013693e-09 4.191213083982207e-09 3.898745047663621e-09 3.6108875973740736e-09 3.326598216279568e-09 3.0451597350651293e-09 2.766254906477749e-09 2.4900409210895315e-09 2.2172177037492735e-09 1.9490807295947533e-09 1.6875470814745498e-09 1.43513944893483e-09 1.194910827455451e-09 9.70294022483943e-10 7.648635007521718e-10 5.820095140712419e-10 4.245426064248119e-10 2.9427224341211197e-10 1.9163275070659183e-10 2.796027468901679e-10 5.04605163377353e-10 9.106719220004909e-10 1.6435094400726248e-09 2.966077260484994e-09 5.3529441940883615e-09 9.660574903682408e-09 1.7434649808739975e-08 4.64944 -0.23712 0.01201 4.65548 9.48117 29.36603 0.07259 0
261 0.4601 3 6.3072 16.6955 33.7097 5.704620244392953e-15 5.388502595244766e-15 5.087773802298355e-15 4.801873466687952e-15 4.529804094752584e-15 4.270265820819361e-15 4.021822932244175e-15 3.783080981186688e-15 3.55278971761534e-15 3.3297833562730543e-15 3.1128940632682243e-15 2.900968939268097e-15 2.692917315254169e-15 2.487767848080052e-15 2.2847343532784365e-15 2.0832897536430575e-15 1.8832448719531893e-15 1.684826058851282e-15 1.488743834055286e-15 1.2962401219990318e-15 1.1090997892128514e-15 9.296097729902861e-16 7.604496049831249e-16 6.045025694669011e-16 4.645867089686771e-16 3.431219938834557e-16 2.4177294302902594e-16 1.6112897620537878e-16 1.0050204040362122e-16 5.791876861070737e-17 3.035295418678339e-17 1.4180921963030545e-17 1.9223789771952847e-17 3.4693591842352766e-17 6.26122803673117e-17 1.1299774524957313e-16 2.039294904542957e-16 3.6803599032084037e-16 6.642025627078156e-16 1.198700822501186e-15 -4.60990 4.57542 0.70571 6.49504 13.88221 -19.42073 2.91390 0
262 0.0170 3 6.1246 51.8819 58.7436 5.129428674373459e-18 4.845575973823788e-18 4.5756217583166396e-18 4.319073570843846e-18 4.075047199860869e-18 3.8423875893776e-18 3.619818178310514e-18 3.4060995451444047e-18 3.2001210954403587e-18 3.0008461774117555e-18 2.8072327236584427e-18 2.618246498830133e-18 2.4329011614482327e-18 2.2503067605017213e-18 2.0697258671893046e-18 1.8906370708784045e-18 1.7128033538128704e-18 1.53634058843051e-18 1.3617799586346726e-18 1.1901140977807227e-18 1.0228150347215506e-18 8.618095942423111e-19 7.093977088357313e-19 5.681028739548173e-19 4.404513751439847e-19 3.2869049845567506e-19 2.344751152499123e-19 1.5857243061060514e-19 1.0065223752163395e-19 5.923305772295456e-20 3.1834003976146645e-20 1.5333288099453056e-20 2.0928645580748944e-20 3.777038222978881e-20 6.816503095148215e-20 1.2301891509458786e-19 2.220149138026658e-19 4.006751474999282e-19 7.231071601198087e-19 1.3050072316168016e-18 7.31738 -6.26996 -1.44444 9.63621 7.78483 73.05093 -10.69297 0
263 33.6065 2 1.4495 9.9119 14.6536 3.202204327956774e-08 3.027236982981197e-08 2.8613123860596085e-08 2.704196378162325e-08 2.5554204604130795e-08 2.414356870733394e-08 2.280310645933131e-08 2.152616458686986e-08 2.0306923442682973e-08 1.914000264525895e-08 1.8019891078000068e-08 1.6940926372157285e-08 1.589741036597032e-08 1.4883744391907936e-08 1.3894581318777147e-08 1.2925000237514078e-08 1.1970704029919682e-08 1.1028236576098508e-08 1.0095220338291024e-08 9.170603588114903e-09 8.254907438943346e-09 7.350452260209452e-09 6.4615327714344195e-09 5.594504426993899e-09 4.757730370049293e-09 3.961331797760146e-09 3.2166890416645213e-09 2.5356520644538863e-09 1.929460125153393e-09 1.4074306531441615e-09 9.755623333910016e-10 6.352950290715895e-10 9.269304675694923e-10 1.6728515911579459e-09 3.019031679234217e-09 5.448512186254786e-09 9.833048539357085e-09 1.7745916733245812e-08 3.2026442200791285e-08 5.7798817353800426e-08 3.28993 1.11749 -0.02703 3.47454 10.16467 18.88469 -0.15234 0
264 2.4277 3 7.3626 22.4507 24.3810 3.3143140105978167e-13 3.1322296256339967e-13 2.9593382350479887e-13 2.795362983263944e-13 2.639779164045203e-13 2.4918918632046383e-13 2.350931464500069e-13 2.2161544981181512e-13 2.0869003949237592e-13 1.9625525088736886e-13 1.8424819569955183e-13 1.7260496348563309e-13 1.6126238152770425e-13 1.5016014966640862e-13 1.392433275630351e-13 1.2846522538782202e-13 1.1779065977734794e-13 1.0719945694585316e-13 9.66900669861237e-14 8.628296382517138e-14 7.602343795034902e-14 6.598321237880779e-14 5.626017492168845e-14 4.697548963985147e-14 3.8267370655316893e-14 3.02810557730954e-14 2.315507065411517e-14 1.7004662536499313e-14 1.1904408278793811e-14 7.873108842713138e-15 4.8648412335580926e-15 2.7699059975845643e-15 3.9243748257240775e-15 7.082404669172813e-15 1.2781769867934584e-14 2.306753829923724e-14 4.1630488475752756e-14 7.513144871583853e-14 1.3559136087073327e-13 2.447046803571307e-13 6.29528 -4.48510 -0.03003 7.72960 7.46664 57.47177 -0.23044 0
265 2.5840 1 6.1483 5.8906 7.3260 9.100846249932026e-13 8.544407497226515e-13 8.005867129955721e-13 7.483501009536937e-13 6.974946616375721e-13 6.477499497377746e-13 5.988483569585806e-13 5.505661550704717e-13 5.027546307055635e-13 4.553464267538554e-13 4.083579536859453e-13 3.6190692994902717e-13 3.1623021311854655e-13 2.7169470109691057e-13 2.2879655218707414e-13 1.881439663845425e-13 1.50419378323586e-13 1.1631916709837818e-13 8.647336075736846e-14 6.135365326728603e-14 4.1185129145132943e-14 2.5882632281739125e-14 1.5033863739704056e-14 7.944623626493473e-15 3.745501199965217e-15 1.5371586444862162e-15 5.323596671311228e-16 1.4952735425528764e-16 3.2359617259720196e-17 5.047302336798509e-18 5.197515493878762e-19 3.146249758218225e-20 2.667411818571391e-20 4.8139361700678267e-20 8.687815390238047e-20 1.567908954093872e-19 2.829639417856427e-19 5.106711849677648e-19 9.216194032027507e-19 1.6632665976902743e-18 -4.70161 -1.35849 -0.11411 4.89394 8.55099 -33.35889 -0.76464 0
266 0.0129 2 3.5651 36.9243 67.4935 2.417885610125379e-17 2.280306281890151e-17 2.1487229677034862e-17 2.0228105423891816e-17 1.9020531570334e-17 1.785805090415101e-17 1.6733668205555803e-17 1.5640676698990367e-17 1.4573193230325895e-17 1.3526028731923662e-17 1.2494473283099914e-17 1.1474546897222575e-17 1.0463395551119402e-17 9.459728104390237e-18 8.4642621702938e-18 7.480136794400448e-18 6.513226559696854e-18 5.572271657628036e-18 4.668730577683795e-18 3.816257981627736e-18 3.029740447948477e-18 2.323879050305435e-18 1.7114044540185646e-18 1.2011415170740246e-18 7.962735329597758e-19 4.9324925695569305e-19 2.817608999486917e-19 1.4603277642443566e-19 6.729749780569037e-20 2.6884374512419666e-20 9.014855017333792e-21 2.434643618602796e-21 2.9150741556039692e-21 5.2608977805338074e-21 9.49445673758213e-21 1.7134852738513388e-20 3.092364170857319e-20 5.580856930102649e-20 1.0071893979304525e-19 1.8176966297626445e-19 -11.70662 -4.03497 0.98198 12.38249 12.56765 -69.12262 4.48141 0
267 2.9970 3 8.7392 14.3835 23.2783 2.3532926525100233e-13 2.223967320419454e-13 2.101163083740844e-13 1.9846820998478944e-13 1.8741503639524626e-13 1.7690728445239962e-13 1.6689013152347804e-13 1.5731059980423424e-13 1.481215920182566e-13 1.3927913265695025e-13 1.3073839317732812e-13 1.2245385290282554e-13 1.1438057195274906e-13 1.0647573629087874e-13 9.870045866365873e-14 9.102187044151674e-14 8.341547465357098e-14 7.586767183922336e-14 6.837835531442357e-14 6.096333530817672e-14 5.365630130553972e-14 4.650990528458285e-14 3.9595452062486336e-14 3.3000666412830076e-14 2.6825031305097208e-14 2.1172388774344907e-14 1.6140909856796494e-14 1.1811123531093508e-14 8.23351078775907e-15 5.417953461664367e-15 3.3278294971224026e-15 1.8813728869887206e-15 2.6613256425884784e-15 4.802952315794724e-15 8.66799258934772e-15 1.5643314900692468e-14 2.8231830906611448e-14 5.0950599754545626e-14 9.195165640992775e-14 1.6594715581881008e-13 -1.05244 2.56063 0.60961 2.76847 11.12730 -5.43543 3.14053 0
268 0.0043 3 1.1371 19.0780 51.1280 9.836158116695184e-20 9.297911974979629e-20 8.787305668479274e-20 8.303590968585161e-20 7.845295120216857e-20 7.410451267677222e-20 6.996881249635944e-20 6.602493347378339e-20 6.225447997287797e-20 5.864037859441973e-20 5.516514712188302e-20 5.18108617614749e-20 4.8559554543606755e-20 4.53936862255505e-20 4.2296686897218504e-20 3.9253582836541904e-20 3.6251708740321536e-20 3.328149059855843e-20 3.033729218306378e-20 2.7418277050368575e-20 2.452923374738747e-20 2.1681272141591864e-20 1.8892261386765328e-20 1.6186857487531116e-20 1.3595933320375414e-20 1.1155222300327008e-20 8.903035140203574e-21 6.876997525261753e-21 5.109950147640782e-21 3.6254059270462885e-21 2.4332610798368754e-21 1.5267294572401575e-21 2.209691365969944e-21 3.987878106136013e-21 7.19701042159719e-21 1.2988601363938465e-20 2.3440811602140768e-20 4.230414293047824e-20 7.634720757360196e-20 1.3778546734455197e-19 10.47583 6.58841 -1.45345 12.37538 18.42595 34.77210 -4.52424 0
269 11.1278 1 1.4392 4.6740 3.0415 6.166492902046302e-11 5.810617993072985e-11 5.469363379402911e-11 5.141806026090627e-11 4.826538221001611e-11 4.5218301466290456e-11 4.225833772448258e-11 3.936806252232082e-11 3.653261693200071e-11 3.3739556869950846e-11 3.09784997555134e-11 2.8241965481479515e-11 2.552656641416789e-11 2.283424125511788e-11 2.0173399781427648e-11 1.755980887009812e-11 1.5016987830730703e-11 1.257584155449845e-11 1.027327425454197e-11 8.149581296797638e-12 6.244590602670402e-12 4.592787733177927e-12 3.218016473062355e-12 2.1287287181920625e-12 1.3150091871054048e-12 7.485518882206743e-13 3.8624550213682055e-13 1.77000973601857e-13 7.021092641566318e-14 2.333441020831814e-14 6.231753029264061e-15 1.266968603348068e-15 1.4215593068959624e-15 2.5655190239908845e-15 4.6300480258055555e-15 8.35594845362647e-15 1.5080162056745494e-14 2.7215496711089734e-14 4.9116399309516986e-14 8.864143494206048e-14 -1.96622 -4.48159 0.05706 4.89394 4.47403 -26.07263 0.73071 0
270 0.0471 2 0.1736 65.4718 29.0393 8.869695250103147e-17 8.135465489150508e-17 7.40807638569152e-17 6.68789354179893e-17 5.975903377301416e-17 5.274226061566575e-17 4.586617523314146e-17 3.9188631946468815e-17 3.2788510378840006e-17 2.6761087899041422e-17 2.120980433503128e-17 1.623639713088479e-17 1.1928674435960834e-17 8.347030969386512e-18 5.512171146983066e-18 3.397265798474586e-18 1.9277036039530348e-18 9.902839647773003e-19 4.510265253712549e-19 1.7739471263640083e-19 5.827255608446058e-20 1.5316667043125757e-20 3.0475736607723617e-21 4.26947847084604e-22 3.8283287529111356e-23 1.9360904216088915e-24 4.6651069269685845e-26 4.273104422373422e-28 1.097957672474339e-30 5.2594697471923135e-34 2.694943355260247e-38 6.979371766964894e-44 5.577660934113198e-45 1.0066126095775637e-44 1.8166556872673328e-44 3.278558061641735e-44 5.916885097651522e-44 1.0678331327546989e-43 1.9271416980216558e-43 3.4779545701799633e-43 -2.80157 -8.30814 -1.18919 8.76778 3.04955 -86.08238 -22.95174 0
271 2.5492 2 1.8947 14.6203 24.3810 2.016086808890806e-09 1.9059285178934926e-09 1.801463481667154e-09 1.7025442752249442e-09 1.6088759347520199e-09 1.5200632253687772e-09 1.4356686028128684e-09 1.3552731813741562e-09 1.2785105598827064e-09 1.205041993053072e-09 1.1345205046045715e-09 1.0665895955205796e-09 1.0008905132798708e-09 9.370707694525732e-10 8.747937121714346e-10 8.137495242344309e-10 7.536676619026399e-10 6.94330530137827e-10 6.35588440724553e-10 5.773751775347294e-10 5.197235495240038e-10 4.6277964562759697e-10 4.068138585652559e-10 3.522263235694375e-10 2.995435786396516e-10 2.4940284770022093e-10 2.0252062894879047e-10 1.5964298825191092e-10 1.2147754197448788e-10 8.86109093495259e-11 6.142076364175336e-11 3.9997757690945796e-11 5.835893331698294e-11 1.0532163724597428e-10 1.9007625125568537e-10 3.4303474799804633e-10 6.190822764901459e-10 1.1172712598386808e-09 2.016363762081286e-09 3.6389755712696272e-09 1.13953 2.90759 -0.17117 3.12292 11.46565 5.70448 -0.85540 0
272 1.2527 3 2.7920 20.4933 26.7456 4.5374583636523517e-14 4.2895331966371566e-14 4.05442141958266e-14 3.831791233909254e-14 3.6209787862438086e-14 3.4210945504957704e-14 3.2311537779716244e-14 3.050213713388247e-14 2.877449724572789e-14 2.7120994224148528e-14 2.5533818929082834e-14 2.4004947899252675e-14 2.2526306955406645e-14 2.108996289959368e-14 1.9688338955734612e-14 1.8314462295832745e-14 1.6962243990852278e-14 1.5626786789237504e-14 1.430472176836995e-14 1.299455865053533e-14 1.169703584277809e-14 1.0415441261362582e-14 9.155860436447028e-15 7.92729891754e-15 6.741607108300163e-15 5.613126539123034e-15 4.557982908193307e-15 3.5929673714824804e-15 2.7340057302955286e-15 1.9943005924436027e-15 1.3823519724407026e-15 9.002001271064914e-16 1.3134416082939175e-15 2.370396659944515e-15 4.277906448216296e-15 7.720430883546274e-15 1.3933229664820653e-14 2.5145602858303824e-14 4.5380816818372504e-14 8.189974790851356e-14 -7.82836 -4.11437 0.01802 8.84371 8.97315 -60.74143 0.11505 0
