skymodel/snr/OUTPUT_FILES_1/ctadc_skymodel_gps_sources_pevatron_0.ecsv
# %ECSV 0.9
# ---
# datatype:
# - name: Num_SNR
#   unit: ''
#   datatype: float64
#   format: '%i'
#   description: Simulation number
# - name: n0
#   unit: 1 / cm3
#   datatype: float64
#   format: '%0.4f'
#   description: density
# - name: type
#   unit: ''
#   datatype: float64
#   format: '%i'
#   description: type of progenitor
# - name: agekyr
#   unit: kyear
#   datatype: float64
#   format: '%0.4f'
#   description: age of the SNR
# - name: sigma
#   unit: arcmin
#   datatype: float64
#   format: '%0.4f'
#   description: apparent size of the SNR
# - name: SNR_radiuspc
#   unit: pc
#   datatype: float64
#   format: '%0.4f'
#   description: SNR Radius
# - name: '0.1'
#   unit: TeV / (cm2 s)
#   datatype: float64
#   description: Differential spectrum
# - name: '0.13433993325989002'
#   unit: TeV / (cm2 s)
#   datatype: float64
#   description: Differential spectrum
# - name: '0.18047217668271703'
#   datatype: float64
# - name: '0.24244620170823283'
#   datatype: float64
# - name: '0.3257020655659783'
#   datatype: float64
# - name: '0.43754793750741844'
#   datatype: float64
# - name: '0.5878016072274912'
#   datatype: float64
# - name: '0.7896522868499725'
#   datatype: float64
# - name: '1.0608183551394483'
#   datatype: float64
# - name: '1.4251026703029979'
#   datatype: float64
# - name: '1.9144819761699576'
#   datatype: float64
# - name: '2.5719138090593443'
#   datatype: float64
# - name: '3.455107294592218'
#   datatype: float64
# - name: '4.6415888336127775'
#   datatype: float64
# - name: '6.235507341273912'
#   datatype: float64
# - name: '8.376776400682916'
#   datatype: float64
# - name: '11.253355826007645'
#   datatype: float64
# - name: '15.117750706156615'
#   datatype: float64
# - name: '20.309176209047347'
#   datatype: float64
# - name: '27.283333764867667'
#   datatype: float64
# - name: '36.65241237079626'
#   datatype: float64
# - name: '49.238826317067364'
#   datatype: float64
# - name: '66.14740641230146'
#   datatype: float64
# - name: '88.86238162743399'
#   datatype: float64
# - name: '119.37766417144357'
#   datatype: float64
# - name: '160.37187437513293'
#   datatype: float64
# - name: '215.44346900318823'
#   datatype: float64
# - name: '289.4266124716749'
#   datatype: float64
# - name: '388.81551803080856'
#   datatype: float64
# - name: '522.3345074266838'
#   datatype: float64
# - name: '701.7038286703822'
#   datatype: float64
# - name: '942.6684551178845'
#   datatype: float64
# - name: '1266.380173467402'
#   datatype: float64
# - name: '1701.2542798525858'
#   datatype: float64
# - name: '2285.4638641349884'
#   datatype: float64
# - name: '3070.2906297578497'
#   datatype: float64
# - name: '4124.626382901348'
#   datatype: float64
# - name: '5541.020330009481'
#   datatype: float64
# - name: '7443.803013251681'
#   datatype: float64
# - name: '10000.0'
#   datatype: float64
# - name: galactocentric_x
#   unit: kpc
#   datatype: float64
#   format: '%0.5f'
#   description: Galactocentric X
# - name: galactocentric_y
#   unit: kpc
#   datatype: float64
#   format: '%0.5f'
#   description: Galactocentric Y
# - name: galactocentric_z
#   unit: kpc
#   datatype: float64
#   format: '%0.5f'
#   description: Galactocentric Y
# - name: galactocentric_r
#   unit: kpc
#   datatype: float64
#   format: '%0.5f'
[...]
#   - 1.0608183551394483
#   - 1.4251026703029979
#   - 1.9144819761699576
#   - 2.5719138090593443
#   - 3.455107294592218
#   - 4.6415888336127775
#   - 6.235507341273912
#   - 8.376776400682916
#   - 11.253355826007645
#   - 15.117750706156615
#   - 20.309176209047347
#   - 27.283333764867667
#   - 36.65241237079626
#   - 49.238826317067364
#   - 66.14740641230146
#   - 88.86238162743399
#   - 119.37766417144357
#   - 160.37187437513293
#   - 215.44346900318823
#   - 289.4266124716749
#   - 388.81551803080856
#   - 522.3345074266838
#   - 701.7038286703822
#   - 942.6684551178845
#   - 1266.380173467402
#   - 1701.2542798525858
#   - 2285.4638641349884
#   - 3070.2906297578497
#   - 4124.626382901348
#   - 5541.020330009481
#   - 7443.803013251681
#   - 10000.0
# schema: astropy-2.0
Num_SNR n0 type agekyr sigma SNR_radiuspc 0.1 0.13433993325989002 0.18047217668271703 0.24244620170823283 0.3257020655659783 0.43754793750741844 0.5878016072274912 0.7896522868499725 1.0608183551394483 1.4251026703029979 1.9144819761699576 2.5719138090593443 3.455107294592218 4.6415888336127775 6.235507341273912 8.376776400682916 11.253355826007645 15.117750706156615 20.309176209047347 27.283333764867667 36.65241237079626 49.238826317067364 66.14740641230146 88.86238162743399 119.37766417144357 160.37187437513293 215.44346900318823 289.4266124716749 388.81551803080856 522.3345074266838 701.7038286703822 942.6684551178845 1266.380173467402 1701.2542798525858 2285.4638641349884 3070.2906297578497 4124.626382901348 5541.020330009481 7443.803013251681 10000.0 galactocentric_x galactocentric_y galactocentric_z galactocentric_r distance glon glat skip
[from data line 144]
143 16.4895 1 11.4675 4.4534 6.5064 6.802012807522044e-14 6.281894657695929e-14 5.726115717364377e-14 5.141601343456059e-14 4.537683830118345e-14 3.926148493482609e-14 3.3210732489358275e-14 2.7383033571335113e-14 2.1943605348148457e-14 1.7046464310794548e-14 1.2812805715786843e-14 9.309551319527964e-15 6.536950604515067e-15 4.434745095424381e-15 2.8952165218225053e-15 1.801887845311555e-15 1.0526707464039575e-15 5.651203161421691e-16 2.723600330868415e-16 1.1486037663859294e-16 4.111393163783105e-17 1.2021577831970879e-17 2.733209849348226e-18 4.531788516278168e-19 5.037430134413834e-20 3.358758482331565e-21 1.1585324810235953e-22 1.6959486420370525e-24 8.080480958295296e-27 8.765331707082378e-30 1.3349077086094165e-33 1.4864108424153886e-38 1.6661136693834497e-39 3.0068716051445934e-39 5.42656663585901e-39 9.793442926872867e-39 1.7674439622307014e-38 3.189744590285e-38 5.756601492706564e-38 1.0389064016837339e-37 -4.88611 0.27663 0.03303 4.89394 10.04512 -29.10550 0.18842 0
144 23.1881 2 14.7703 12.7336 16.8363 2.6537542593288952e-14 2.1866929650155786e-14 1.746896039924454e-14 1.3452872431915633e-14 9.917654014061023e-15 6.939669283762356e-15 4.560423336433038e-15 2.777594502122709e-15 1.54238351153119e-15 7.652516786752842e-16 3.312071710677022e-16 1.2171070501453654e-16 3.689835246786995e-17 8.985016334731468e-18 1.68619589593053e-18 2.283881844871436e-19 2.0161861557180236e-20 1.0077259231899509e-21 2.3944197487963175e-23 2.1526526269618167e-25 5.391192152330675e-28 2.490456250197179e-31 1.2139610169221805e-35 2.9767483150174344e-41 1.3534186417528283e-48 2.8426137076710143e-58 8.85487379412181e-68 -2.5477122524865094e-76 1.6908462073286884e-84 -7.933414198917028e-94 6.1124240578997775e-102 1.569001776494389e-109 -1.497716660320184e-111 -2.7029618574195262e-111 -4.8780940989886266e-111 -8.803602601075966e-111 -1.5888053240658053e-110 -2.8673515515924494e-110 -5.1747717583045623e-110 -9.339023230574773e-110 -4.57840 -0.64637 0.00601 4.62380 9.09073 -30.24075 0.03785 0
145 0.1339 3 6.8571 62.2503 42.4871 2.515701525184135e-15 2.184772167887723e-15 1.85631842856912e-15 1.538011166573592e-15 1.2376079937300487e-15 9.624230344027653e-16 7.187719500520799e-16 5.114295022380042e-16 3.4313031424632265e-16 2.1414694068570625e-16 1.221056659255407e-16 6.208823175276038e-17 2.722286156908125e-17 9.8882322308243e-18 2.7940428425847255e-18 5.571791411798037e-19 7.284298925188807e-20 5.451167619801254e-21 1.7497288090686129e-22 1.8846682896173052e-24 5.430716116552582e-27 2.5883408240010864e-30 7.611873365625226e-35 7.342785155874933e-41 7.399680121821606e-49 2.6150465371601265e-59 -4.3832096724026556e-73 2.055963439832053e-81 -1.4263481237440976e-89 6.609879551234954e-99 -5.1032020793840066e-107 -1.3115022709851565e-114 1.2519594460077015e-116 2.2594384633949803e-116 4.0776577756954635e-116 7.359037745469682e-116 1.3281015602151851e-115 2.3968537942774656e-115 4.325654214434842e-115 7.806602316558261e-115 -3.51335 -5.77218 -1.49550 6.75735 4.69267 -52.17373 -18.58358 0
146 0.2693 2 8.2135 36.5143 38.7308 1.5841651122013733e-15 1.3265253390613765e-15 1.0817997249649722e-15 8.556622170406337e-16 6.531039614315534e-16 4.780181168774519e-16 3.328249996919981e-16 2.1818902952392168e-16 1.3288392287854317e-16 7.385545381939394e-17 3.657121754510607e-17 1.5610670299739687e-17 5.4809608791062444e-18 1.4998758231958098e-18 2.925012998009828e-19 3.514752912843625e-20 2.397194072373248e-21 7.750078242652202e-23 7.524455204699331e-25 1.5740020099325934e-27 5.804151652639933e-31 1.9188553349122195e-35 1.144724272830605e-41 6.078281524728989e-50 6.371204904221282e-61 -4.1329527469680206e-75 2.94532217536339e-82 -9.56404172679891e-91 6.527186847800197e-99 -3.038508284684181e-108 2.3441273965533213e-116 6.021691076967258e-124 -5.7482308572410354e-126 -1.0373957348810482e-125 -1.8722106635534997e-125 -3.3788193366009474e-125 -6.097828802940256e-125 -1.1004884371051928e-124 -1.9860754365853584e-124 -3.584313570966379e-124 -6.86553 -10.95892 -0.06306 12.93188 7.29286 -109.70525 -0.49546 0
147 0.3915 3 14.0837 53.8929 35.3065 6.778421982472755e-11 5.6806283158293284e-11 4.6368887325716455e-11 3.671433395504764e-11 2.8056512468202477e-11 2.05632061001103e-11 1.4340040288116805e-11 9.418227741165368e-12 5.748490526325822e-12 3.2032832174716268e-12 1.5912316523369254e-12 6.819332824573822e-13 2.4065540614276473e-13 6.629093771391569e-14 1.3041300736175223e-14 1.5861536545659509e-15 1.0988363694994283e-16 3.625033274206219e-18 3.623226300396783e-20 7.88883544264364e-23 3.057830963688445e-26 1.0786583219784105e-30 7.07911732710978e-37 4.392788287605432e-45 1.3371813798722954e-55 2.2386352120795644e-69 2.0544054144321857e-77 -6.665877716402466e-86 4.548573917985967e-94 -2.1175225482410078e-103 1.6336001153065421e-111 4.196442214811351e-119 -4.0058706881898795e-121 -7.229482026071199e-121 -1.304720357533651e-120 -2.3546572288635128e-120 -4.249501154346918e-120 -7.669167231407055e-120 -1.3840713035958001e-119 -2.497863608440203e-119 4.01319 -10.54445 0.05706 11.28234 4.50430 116.99580 0.72580 0
148 0.4317 1 9.9407 16.7810 12.6926 1.0354560390904144e-14 1.0193768089440487e-14 9.956754608948158e-15 9.630721148384643e-15 9.205185946912195e-15 8.673590115498102e-15 8.03498524996492e-15 7.29559115015199e-15 6.469916754037765e-15 5.581058508038932e-15 4.66010534092338e-15 3.744226011936506e-15 2.8734871268751383e-15 2.0878952181882432e-15 1.4195347020985396e-15 8.894740843454928e-16 5.057746885981106e-16 2.5604831991700887e-16 1.131852711537111e-16 4.3577216528648665e-17 1.490979977629242e-17 4.647097380857176e-18 1.2956109744010978e-18 2.9824263399212615e-19 5.11364500532967e-20 5.963427260550966e-21 4.232541274494016e-22 1.583308073774927e-23 2.5777893525879046e-25 1.4127317589016482e-27 1.843417111232462e-30 3.5909578526757893e-34 7.897352870039178e-35 1.4252524624874707e-34 2.572184142275168e-34 4.64207670985168e-34 8.377656881550764e-34 1.5119339729144068e-33 2.728620150924116e-33 4.9244001797760016e-33 -4.34200 -5.65072 -0.27027 7.12626 5.20042 -56.72658 -2.97905 0
149 38.9655 3 4.3184 14.0124 13.9909 4.1823108165938666e-14 3.478958423070764e-14 2.8117523850336935e-14 2.196690652801866e-14 1.6487164336116498e-14 1.1799825289584995e-14 7.980779153234975e-15 5.046015899592922e-15 2.9447383927730166e-15 1.5632513384225571e-15 7.430246528015368e-16 3.1080031125752153e-16 1.1208514970311146e-16 3.387486798795819e-17 8.192300740587329e-18 1.4859424800865632e-18 1.8593482939179665e-19 1.443962828616399e-20 6.066128161344979e-22 1.1480460389059142e-23 7.656003654025223e-26 1.2927891387365506e-28 3.5365989864966126e-32 8.63265045675942e-37 8.41380023403133e-43 1.0682204864772746e-50 1.0472277703080387e-61 1.0898959758866233e-69 -7.829265120132117e-78 3.5890034902590467e-87 -2.7757294000220193e-95 -7.140738848203282e-103 6.816747190019228e-105 1.2302332032785627e-104 2.2202286402303413e-104 4.006894954356796e-104 7.231330541517655e-104 1.3050539631398994e-103 2.3552592941626445e-103 4.2505877146973304e-103 2.34935 -2.04960 0.02102 3.11774 6.86495 20.01255 0.17544 0
150 0.9799 1 6.3851 6.2583 9.0180 6.2809873440560325e-15 6.1577835953707526e-15 5.9871621374992696e-15 5.7623824033166575e-15 5.478413987714178e-15 5.1328586555183635e-15 4.726863609201929e-15 4.265893845149227e-15 3.760185709303258e-15 3.2246721019377575e-15 2.6783804433249472e-15 2.1430994751293737e-15 1.6413964063189248e-15 1.194873482132523e-15 8.19710111092002e-16 5.251830856845069e-16 3.1282002579677803e-16 1.7307891263625895e-16 8.955576717770662e-17 4.403700787894694e-17 2.0631322124579916e-17 8.946848567327577e-18 3.41724739123266e-18 1.0922393838810397e-18 2.7787467138765325e-19 5.308812813380827e-20 7.066968760337432e-21 5.939136167932766e-22 2.764715200456427e-23 5.986594017870488e-25 4.7708427835490745e-27 1.0212022313375866e-29 3.9522730282004764e-30 7.132753162437322e-30 1.287263488965599e-29 2.3231524381781087e-29 4.192643772837636e-29 7.566555477392456e-29 1.365552736995554e-28 2.4644427482062996e-28 6.05979 -0.66308 0.13213 6.09596 9.90736 37.71250 0.76416 0
151 0.0405 2 10.1724 81.4601 56.0867 8.883606937683964e-16 7.291789853643448e-16 5.813469670021592e-16 4.481315618983689e-16 3.3213240622145077e-16 2.3503149363065755e-16 1.57403481030492e-16 9.86310913381875e-17 5.69605360492467e-17 2.9705097825581984e-17 1.3604240269181584e-17 5.2629395018452126e-18 1.626272803792425e-18 3.769175502346973e-19 5.885864557271256e-20 5.18845097930652e-21 2.370494577895223e-22 4.554607068080972e-24 2.0920082747246795e-26 1.55751683004737e-29 1.587373611707196e-33 9.803314222615978e-39 4.97414888005137e-46 9.608742007013262e-56 1.2762226834674545e-68 6.245594713153556e-79 -1.429404654710682e-86 4.686285365077977e-95 -3.204502213027743e-103 1.4909402591811455e-112 -1.1503240074026952e-120 -2.9551531177291417e-128 2.82095639075866e-130 5.091041401672356e-130 9.187913233416426e-130 1.658162700406607e-129 2.9925223183647165e-129 5.4006701656689e-129 9.746707003436782e-129 1.7590094283989225e-128 -4.65125 -8.73131 0.84985 9.89292 4.73390 -92.84699 10.34204 0
152 7.0982 1 0.6305 1.8250 2.3515 5.6065247084355634e-14 5.5259977116154865e-14 5.406921002069406e-14 5.2431196745222536e-14 5.029698066463526e-14 4.7638178427566245e-14 4.445482579750115e-14 4.078218973544082e-14 3.669503507792247e-14 3.2307537826577656e-14 2.7768869759493305e-14 2.3252681882382393e-14 1.8941183754898873e-14 1.5011694531360116e-14 1.1599342067209432e-14 8.785882180910667e-15 6.5939215367996814e-15 4.9565488573092805e-15 3.752601238509754e-15 2.849136410093353e-15 2.1355386644362246e-15 1.5507264069886652e-15 1.0743637972867795e-15 7.016813249770307e-16 4.2691994691727836e-16 2.386235746930433e-16 1.2044416260069167e-16 5.37368878394835e-17 2.0628993765262337e-17 6.584638651138511e-18 1.6723921522819069e-18 3.1925514586091623e-19 3.5306719352755744e-19 6.371880493117628e-19 1.1499471421550849e-18 2.075334638147984e-18 3.745401594916048e-18 6.75940778385418e-18 1.2198850358382664e-17 2.2015530772040664e-17 -0.69815 0.33121 0.05706 0.77273 8.85895 -4.52008 0.36902 0
153 0.0208 3 13.4240 47.3246 61.5263 1.3042254473507116e-16 1.1233388553023538e-16 9.456645767827994e-17 7.75386247321935e-17 6.166082387608806e-17 4.7306477065228074e-17 3.478243456513487e-17 2.430104132383102e-17 1.595587981497205e-17 9.703733932071522e-18 5.361813022464288e-18 2.6225776515246484e-18 1.0950054681960524e-18 3.7388330121695237e-19 9.750294047557766e-20 1.7449781384802966e-20 1.9860308691542517e-21 1.24338330885688e-22 3.1032372382645923e-24 2.3724929041873732e-26 4.433021323366551e-29 1.2039059465248841e-32 1.5690608777368724e-37 5.210318100150395e-44 2.9380302737804316e-52 4.13053420470013e-63 -3.61490913042807e-76 1.2464286386227387e-84 -8.594084303743553e-93 3.989388677406773e-102 -3.0791593936207584e-110 -7.912021070630054e-118 7.552775728708112e-120 1.363065875756345e-119 2.4599546555968197e-119 4.4395337123634244e-119 8.012123125265289e-119 1.4459653002665576e-118 2.609565051467846e-118 4.709538850335497e-118 8.88544 -9.10743 -0.76276 12.72385 8.93878 93.91078 -4.89511 0
154 1.3144 1 2.0391 4.9295 5.3359 1.584683433315895e-14 1.5751431624335517e-14 1.55554335801276e-14 1.523668765139157e-14 1.4774885290301577e-14 1.4153847496879263e-14 1.336411113288972e-14 1.2405566026228375e-14 1.1289732638758332e-14 1.0041113718491236e-14 8.697463498084935e-15 7.308230437218004e-15 5.9310596040511524e-15 4.628479703632845e-15 3.45657250899507e-15 2.46018077377143e-15 1.6693681046328252e-15 1.0847803497907773e-15 6.824719656496739e-16 4.228834338192472e-16 2.5985884693807313e-16 1.558247336579041e-16 8.830658627354027e-17 4.5786521308462985e-17 2.1136642521873197e-17 8.455991121616202e-18 2.8380232699562878e-18 7.666684843247198e-19 1.5801555194447273e-19 2.3172836031051137e-20 2.2058208599123713e-21 1.206802016926796e-22 9.993043324579705e-23 1.803466280471591e-22 3.2547548521059215e-22 5.873926927281916e-22 1.0600803782417888e-21 1.9131501331993324e-21 3.452703688593141e-21 6.2311695012085155e-21 -5.07440 -3.05730 -0.12012 5.92424 7.44225 -42.99438 -0.92481 0
155 0.8369 2 14.6160 14.1866 32.1850 8.0539639576898515e-16 6.66222131876484e-16 5.358447758660156e-16 4.1721117860162474e-16 3.1276879308760895e-16 2.242433525744932e-16 1.5245565390349075e-16 9.721254804426826e-17 5.730471560564996e-17 3.0628794870732346e-17 1.4458282603837674e-17 5.811897379276406e-18 1.8881236913724572e-18 4.672188477041787e-19 7.967113722199818e-20 7.942649346231305e-21 4.255977874692726e-22 1.0062365664809754e-23 6.228226597754331e-26 7.000580071886109e-29 1.191323158110598e-32 1.438326833739861e-37 1.9508363035435994e-44 1.5308980665725624e-53 2.9820792490978094e-65 1.4887002482799155e-77 -3.2103919241657386e-85 1.0526480703402786e-93 -7.19833204832525e-102 3.3490889372192905e-111 -2.5839697367507397e-119 -6.638159607309325e-127 6.336713733972693e-129 1.1436005205853173e-128 2.063880752055209e-128 3.724730517369674e-128 6.722102240262463e-128 1.213152423183933e-127 2.1894025845991746e-127 3.951262500773803e-127 -8.37872 4.65695 -0.01802 9.58593 15.59835 -32.49016 -0.06618 0
156 0.8534 2 3.7777 16.6888 30.7294 1.6444141239541867e-15 1.413449508935948e-15 1.1871596917896033e-15 9.708785065374861e-16 7.697997074303655e-16 5.886053725716755e-16 4.3109098074350263e-16 2.998143960980541e-16 1.9579654801927203e-16 1.1830840951629757e-16 6.485980466251692e-17 3.141762258243933e-17 1.2957886501500403e-17 4.3561268634444666e-18 1.1132643324952569e-18 1.9385055955824033e-19 2.1301122932266327e-20 1.2745892094127236e-21 2.983635549406736e-23 2.089892524753237e-25 3.4972411775856224e-28 8.231443209029053e-32 8.714035736688054e-37 2.1560007609246604e-43 3.5893268355450135e-52 1.3315076223850137e-63 -1.359014775989597e-75 4.644069109694375e-84 -3.201337290228002e-92 1.4861610491110196e-101 -1.1470625005909222e-109 -2.947404140548509e-117 2.813576746504887e-119 5.077723197056132e-119 9.16387757965047e-119 1.6538249336534723e-118 2.9846938562859152e-118 5.386541969754507e-118 9.72120954074408e-118 1.7544078458068835e-117 -7.78766 1.48093 0.09009 7.92722 12.65996 -37.96327 0.40773 0
157 3.0146 1 1.9138 2.6796 4.4190 1.4640899284162384e-14 1.4382944097802512e-14 1.4019457046811142e-14 1.3535042159110218e-14 1.29180578439721e-14 1.2162655098796934e-14 1.1270784480489942e-14 1.0253877584572214e-14 9.133809588833057e-15 7.942683344364528e-15 6.721469884626018e-15 5.51707020181574e-15 4.378011757867257e-15 3.3508250714994622e-15 2.4703076516121368e-15 1.7566936941421586e-15 1.2142096184204655e-15 8.238935532840509e-16 5.53288540341292e-16 3.6746784831076676e-16 2.373467098600789e-16 1.4532220899181773e-16 8.233648274053058e-17 4.227508402000957e-17 1.9248131060649405e-17 7.570235275568119e-18 2.487884433070715e-18 6.547506759044262e-19 1.3060022018066044e-19 1.8374983210282895e-20 1.6589758127109885e-21 8.478233581327692e-23 6.909865524701404e-23 1.2470384718277248e-22 2.25055747417839e-22 4.061630061145326e-22 7.330112180148524e-22 1.322881300479898e-21 2.387432677904711e-21 4.3086517206491215e-21 1.65291 2.71289 0.31532 3.17677 11.33844 8.38566 1.59357 0
