skymodel/snr/OUTPUT_FILES_1/ctadc_skymodel_gps_sources_pevatron_0.ecsv
# %ECSV 0.9
# ---
# datatype:
# - name: Num_SNR
#   unit: ''
#   datatype: float64
#   format: '%i'
#   description: Simulation number
# - name: n0
#   unit: 1 / cm3
#   datatype: float64
#   format: '%0.4f'
#   description: density
# - name: type
#   unit: ''
#   datatype: float64
#   format: '%i'
#   description: type of progenitor
# - name: agekyr
#   unit: kyear
#   datatype: float64
#   format: '%0.4f'
#   description: age of the SNR
# - name: sigma
#   unit: arcmin
#   datatype: float64
#   format: '%0.4f'
#   description: apparent size of the SNR
# - name: SNR_radiuspc
#   unit: pc
#   datatype: float64
#   format: '%0.4f'
#   description: SNR Radius
# - name: '0.1'
#   unit: TeV / (cm2 s)
#   datatype: float64
#   description: Differential spectrum
# - name: '0.13433993325989002'
#   unit: TeV / (cm2 s)
#   datatype: float64
#   description: Differential spectrum
# - name: '0.18047217668271703'
#   datatype: float64
# - name: '0.24244620170823283'
#   datatype: float64
# - name: '0.3257020655659783'
#   datatype: float64
# - name: '0.43754793750741844'
#   datatype: float64
# - name: '0.5878016072274912'
#   datatype: float64
# - name: '0.7896522868499725'
#   datatype: float64
# - name: '1.0608183551394483'
#   datatype: float64
# - name: '1.4251026703029979'
#   datatype: float64
# - name: '1.9144819761699576'
#   datatype: float64
# - name: '2.5719138090593443'
#   datatype: float64
# - name: '3.455107294592218'
#   datatype: float64
# - name: '4.6415888336127775'
#   datatype: float64
# - name: '6.235507341273912'
#   datatype: float64
# - name: '8.376776400682916'
#   datatype: float64
# - name: '11.253355826007645'
#   datatype: float64
# - name: '15.117750706156615'
#   datatype: float64
# - name: '20.309176209047347'
#   datatype: float64
# - name: '27.283333764867667'
#   datatype: float64
# - name: '36.65241237079626'
#   datatype: float64
# - name: '49.238826317067364'
#   datatype: float64
# - name: '66.14740641230146'
#   datatype: float64
# - name: '88.86238162743399'
#   datatype: float64
# - name: '119.37766417144357'
#   datatype: float64
# - name: '160.37187437513293'
#   datatype: float64
# - name: '215.44346900318823'
#   datatype: float64
# - name: '289.4266124716749'
#   datatype: float64
# - name: '388.81551803080856'
#   datatype: float64
# - name: '522.3345074266838'
#   datatype: float64
# - name: '701.7038286703822'
#   datatype: float64
# - name: '942.6684551178845'
#   datatype: float64
# - name: '1266.380173467402'
#   datatype: float64
# - name: '1701.2542798525858'
#   datatype: float64
# - name: '2285.4638641349884'
#   datatype: float64
# - name: '3070.2906297578497'
#   datatype: float64
# - name: '4124.626382901348'
#   datatype: float64
# - name: '5541.020330009481'
#   datatype: float64
# - name: '7443.803013251681'
#   datatype: float64
# - name: '10000.0'
#   datatype: float64
# - name: galactocentric_x
#   unit: kpc
#   datatype: float64
#   format: '%0.5f'
#   description: Galactocentric X
# - name: galactocentric_y
#   unit: kpc
#   datatype: float64
#   format: '%0.5f'
#   description: Galactocentric Y
# - name: galactocentric_z
#   unit: kpc
#   datatype: float64
#   format: '%0.5f'
#   description: Galactocentric Y
# - name: galactocentric_r
#   unit: kpc
#   datatype: float64
#   format: '%0.5f'
[...]
#   - 1.0608183551394483
#   - 1.4251026703029979
#   - 1.9144819761699576
#   - 2.5719138090593443
#   - 3.455107294592218
#   - 4.6415888336127775
#   - 6.235507341273912
#   - 8.376776400682916
#   - 11.253355826007645
#   - 15.117750706156615
#   - 20.309176209047347
#   - 27.283333764867667
#   - 36.65241237079626
#   - 49.238826317067364
#   - 66.14740641230146
#   - 88.86238162743399
#   - 119.37766417144357
#   - 160.37187437513293
#   - 215.44346900318823
#   - 289.4266124716749
#   - 388.81551803080856
#   - 522.3345074266838
#   - 701.7038286703822
#   - 942.6684551178845
#   - 1266.380173467402
#   - 1701.2542798525858
#   - 2285.4638641349884
#   - 3070.2906297578497
#   - 4124.626382901348
#   - 5541.020330009481
#   - 7443.803013251681
#   - 10000.0
# schema: astropy-2.0
Num_SNR n0 type agekyr sigma SNR_radiuspc 0.1 0.13433993325989002 0.18047217668271703 0.24244620170823283 0.3257020655659783 0.43754793750741844 0.5878016072274912 0.7896522868499725 1.0608183551394483 1.4251026703029979 1.9144819761699576 2.5719138090593443 3.455107294592218 4.6415888336127775 6.235507341273912 8.376776400682916 11.253355826007645 15.117750706156615 20.309176209047347 27.283333764867667 36.65241237079626 49.238826317067364 66.14740641230146 88.86238162743399 119.37766417144357 160.37187437513293 215.44346900318823 289.4266124716749 388.81551803080856 522.3345074266838 701.7038286703822 942.6684551178845 1266.380173467402 1701.2542798525858 2285.4638641349884 3070.2906297578497 4124.626382901348 5541.020330009481 7443.803013251681 10000.0 galactocentric_x galactocentric_y galactocentric_z galactocentric_r distance glon glat skip
[from data line 2681]
2680 1.4712 1 0.2853 0.8715 2.1544 3.1758577207134343e-15 3.2308894851847946e-15 3.276186328089609e-15 3.3067005318516034e-15 3.3168364258339147e-15 3.3007046042026953e-15 3.252497916559742e-15 3.166994924192235e-15 3.0401718953814737e-15 2.8698680467325462e-15 2.656498816686164e-15 2.403653764663472e-15 2.1184632544356e-15 1.812056594000941e-15 1.4980906095829148e-15 1.192141660006624e-15 9.11168414660361e-16 6.686933477190254e-16 4.733648866639869e-16 3.282937107736128e-16 2.28776643985427e-16 1.639817320824837e-16 1.2130369441076678e-16 9.063706362957652e-17 6.637803658038397e-17 4.6614682004239596e-17 3.096843281606797e-17 1.9241654284440004e-17 1.1036120745095895e-17 5.750071861933272e-18 2.6676874087052438e-18 1.0746930704194796e-18 1.4090497339414218e-18 2.542942725386112e-18 4.589304088299132e-18 8.282416982742384e-18 1.4947458210694163e-17 2.6976003191579212e-17 4.868418014184231e-17 8.786139960211809e-17 0.31599 8.49412 -0.02703 8.50000 16.99708 1.06524 -0.09111 0
2681 3.1185 1 8.9902 8.2688 8.2250 3.571397001364151e-14 3.409745989938967e-14 3.2197231211338277e-14 3.0009866532776424e-14 2.754785159556295e-14 2.4842363791314495e-14 2.1944900580493515e-14 1.8927226085243958e-14 1.587901493198034e-14 1.290248851864285e-14 1.0104652384512702e-14 7.58648071943968e-15 5.430233576317178e-15 3.6897952932283574e-15 2.372824024404939e-15 1.444424864319881e-15 8.373130653514162e-16 4.629324733990067e-16 2.4176677379272695e-16 1.1643693952980225e-16 4.988684173182234e-17 1.8298241463325654e-17 5.5190918705656966e-18 1.3045554359754486e-18 2.271775963439452e-19 2.6881074084604652e-20 1.9423263515151125e-21 7.435762559221052e-23 1.24766939899958e-24 7.11388768194358e-27 9.781375039861563e-30 2.0426163818784253e-33 4.56646250115022e-34 8.24119427322583e-34 1.48730626895421e-33 2.6841739975201745e-33 4.8441872392761475e-33 8.742410153308064e-33 1.577761789820595e-32 2.847421044957429e-32 -1.19121 -1.78559 -0.51952 2.14646 6.83902 -10.06023 -4.35661 0
2682 0.5696 3 96.8988 1.0000 1.0000 0.0 0.0 0.0 0.0 0.0 0.0 0.0 0.0 0.0 0.0 0.0 0.0 0.0 0.0 0.0 0.0 0.0 0.0 0.0 0.0 0.0 0.0 0.0 0.0 0.0 0.0 0.0 0.0 0.0 0.0 0.0 0.0 0.0 0.0 0.0 0.0 0.0 0.0 0.0 0.0 6.78444 -5.77236 0.09009 8.90779 7.31279 68.09771 0.70587 0
2683 11.2425 1 6.3337 5.7349 5.5333 1.2140014255090224e-13 1.1418137478965786e-13 1.0614754016410533e-13 9.736132659049642e-14 8.793423860951232e-14 7.802944036555322e-14 6.786117950053239e-14 5.768945147388889e-14 4.780759707639081e-14 3.851985904451758e-14 3.011111679458854e-14 2.280862796295974e-14 1.67446789496627e-14 1.1939485797478594e-14 8.281957514858646e-15 5.5831617414038335e-15 3.634501242310676e-15 2.2495699641583308e-15 1.297397744333147e-15 6.824353684536801e-16 3.2012661932191425e-16 1.3054383839930865e-16 4.48352712219806e-17 1.2455701593434521e-17 2.6567264081830757e-18 4.0647247830949235e-19 4.0796843771204164e-20 2.386555910487163e-21 6.951547465163461e-23 8.165876510251701e-25 2.9136225418918447e-27 2.1557340583877394e-30 6.494706683112828e-31 1.1721138520171591e-30 2.115339381935012e-30 3.817599026804857e-30 6.889704060692934e-30 1.2433998885330054e-29 2.243990843705996e-29 4.0497791201970866e-29 3.22402 -2.70280 0.07207 4.20707 6.63377 29.07993 0.62250 0
2684 1.6782 1 94.5979 1.0000 1.0000 0.0 0.0 0.0 0.0 0.0 0.0 0.0 0.0 0.0 0.0 0.0 0.0 0.0 0.0 0.0 0.0 0.0 0.0 0.0 0.0 0.0 0.0 0.0 0.0 0.0 0.0 0.0 0.0 0.0 0.0 0.0 0.0 0.0 0.0 0.0 0.0 0.0 0.0 0.0 0.0 -0.29675 -0.71347 -0.11111 0.77273 7.79297 -2.18256 -0.81694 0
2685 0.0138 2 0.8510 27.9495 64.4409 5.849749567345834e-17 5.828956194218448e-17 5.774150819551321e-17 5.676867938028296e-17 5.528940767571736e-17 5.323272014988661e-17 5.0547529978203796e-17 4.7212656613651254e-17 4.3246454194681993e-17 3.8714187013965364e-17 3.3732591994793653e-17 2.846852018455309e-17 2.313063130225998e-17 1.7962230104674917e-17 1.3200348020742255e-17 9.05837781399649e-18 5.71432918875237e-18 3.238144288355966e-18 1.5928751834707888e-18 6.522285576351013e-19 2.1032747901116136e-19 4.936830090309193e-20 7.539265973874592e-21 6.530525930811582e-22 2.6515627013036195e-23 3.941540916262637e-25 1.4800661206587914e-27 9.07117663270339e-31 4.892764170741397e-35 9.504082176411787e-47 8.771809251188016e-55 1.8775147235652296e-65 2.2985313377799465e-67 4.1482095370258365e-67 7.486364044830601e-67 1.351080414609811e-66 2.4383242329801986e-66 4.4004968178415207e-66 7.941672392012304e-66 1.4332509030875036e-65 9.90975 3.81160 1.23123 10.61751 15.85227 38.83100 4.45460 0
2686 1.4975 1 17.6492 9.6469 12.4853 1.0089207774695092e-14 9.603050449877048e-15 9.033330967678484e-15 8.37956382047883e-15 7.646164997281743e-15 6.843300817712887e-15 5.987362368975795e-15 5.100893249233006e-15 4.211775497624778e-15 3.3514670362919902e-15 2.5524758901141253e-15 1.8449129339599316e-15 1.2525184054548223e-15 7.89656608749009e-16 4.560486931203955e-16 2.3796895732352855e-16 1.116334762620087e-16 4.705227626107218e-17 1.7867340123060754e-17 6.0853432851232e-18 1.7840355769572662e-18 4.1924754732591887e-19 7.29661807954903e-20 8.642150709721687e-21 6.25200940291684e-22 2.396253560369832e-23 4.0243956386620336e-25 2.295075991551004e-27 3.156961185421726e-30 6.602239056756607e-34 1.1216122842403033e-38 6.644284970711252e-45 3.74451293882851e-46 6.757804006869776e-46 1.2195955987149777e-45 2.2010307237275393e-45 3.972248056566441e-45 7.168802530922368e-45 1.293769396964133e-44 2.334893791956038e-44 4.94417 -1.10274 0.13814 5.06566 8.89850 33.75794 0.88948 0
2687 1.7060 1 30.0711 1.0000 1.0000 0.0 0.0 0.0 0.0 0.0 0.0 0.0 0.0 0.0 0.0 0.0 0.0 0.0 0.0 0.0 0.0 0.0 0.0 0.0 0.0 0.0 0.0 0.0 0.0 0.0 0.0 0.0 0.0 0.0 0.0 0.0 0.0 0.0 0.0 0.0 0.0 0.0 0.0 0.0 0.0 4.28638 -0.89482 0.19520 4.37879 8.73212 29.40620 1.28088 0
2688 0.2692 3 15.8958 29.1966 38.7308 5.659799777958606e-16 4.585571441042133e-16 3.6022503118150927e-16 2.730482552492517e-16 1.985297469215389e-16 1.3745127688828088e-16 8.97768649591746e-17 5.465103646338823e-17 3.050712516298718e-17 1.5272003370077552e-17 6.648194274336081e-18 2.4100589085522968e-18 6.833986892739965e-19 1.4140551593002823e-19 1.8939297152472998e-20 1.34617763674913e-21 4.6496487388405864e-23 6.200348345588753e-25 1.686643237306549e-27 6.093181660982661e-31 2.5219135699152744e-35 4.767126291198426e-41 4.298360022171572e-49 1.1420468808709532e-59 1.6861535515351584e-73 1.4889431769581593e-82 -3.5159834731944327e-90 1.1527572398751425e-98 -7.882638251611531e-107 3.6675056492246673e-116 -2.8296375796933585e-124 -7.269267749299613e-132 6.93916239186313e-134 1.2523257412143858e-133 2.2600995243275764e-133 4.078850806749718e-133 7.361190834581765e-133 1.3284901328938351e-132 2.3975550598486287e-132 4.3269198036754484e-132 -8.94649 -10.27389 -0.02102 13.62323 9.12068 -101.21501 -0.13205 0
2689 0.0646 3 98.0295 1.0000 1.0000 0.0 0.0 0.0 0.0 0.0 0.0 0.0 0.0 0.0 0.0 0.0 0.0 0.0 0.0 0.0 0.0 0.0 0.0 0.0 0.0 0.0 0.0 0.0 0.0 0.0 0.0 0.0 0.0 0.0 0.0 0.0 0.0 0.0 0.0 0.0 0.0 0.0 0.0 0.0 0.0 -4.41296 6.64731 1.37838 7.97878 15.83714 -16.24277 4.99303 0
2690 0.0202 2 71.1287 1.0000 1.0000 0.0 0.0 0.0 0.0 0.0 0.0 0.0 0.0 0.0 0.0 0.0 0.0 0.0 0.0 0.0 0.0 0.0 0.0 0.0 0.0 0.0 0.0 0.0 0.0 0.0 0.0 0.0 0.0 0.0 0.0 0.0 0.0 0.0 0.0 0.0 0.0 0.0 0.0 0.0 0.0 13.50687 3.09260 -0.68468 13.85640 17.81272 49.36136 -2.20288 0
2691 0.3920 2 12.3048 27.2199 36.9790 7.701659867590364e-12 6.283095397720211e-12 4.974607963168829e-12 3.804490796477481e-12 2.7944047417841746e-12 1.957193750848537e-12 1.2953695952304838e-12 8.006814104046287e-13 4.550417863661785e-13 2.3277360839831845e-13 1.0409279897734178e-13 3.9062643568028285e-14 1.1596582935975112e-14 2.549710396932069e-15 3.7080042540677845e-16 2.9583070522556976e-17 1.1874114996670097e-18 1.9269051983370723e-20 6.944545664243759e-23 3.6989402593579173e-26 2.4842769017770653e-30 8.87822810827657e-36 2.0244884848747707e-43 1.3278221749414443e-53 6.54794526232289e-67 2.472079998820091e-76 -5.7066748366062955e-84 1.8711397725138163e-92 -1.2795187504344703e-100 5.953111150332365e-110 -4.593083324129081e-118 -1.1799520344642967e-125 1.126369142221513e-127 2.0327829084496097e-127 3.6686075621132607e-127 6.620815921292576e-127 1.194873060731257e-126 2.156413421297099e-126 3.89172623969313e-126 7.023483055306661e-126 -9.26948 -7.35015 0.02703 11.82996 9.34056 -82.92877 0.16579 0
2692 13.6329 2 69.1409 1.0000 1.0000 0.0 0.0 0.0 0.0 0.0 0.0 0.0 0.0 0.0 0.0 0.0 0.0 0.0 0.0 0.0 0.0 0.0 0.0 0.0 0.0 0.0 0.0 0.0 0.0 0.0 0.0 0.0 0.0 0.0 0.0 0.0 0.0 0.0 0.0 0.0 0.0 0.0 0.0 0.0 0.0 -1.89657 -4.54665 -0.04505 4.92636 4.38498 -25.62877 -0.58859 0
2693 0.5046 3 11.8511 63.0457 33.7097 5.467150446973189e-11 4.5882781593685165e-11 3.751304589335805e-11 2.9757015912941456e-11 2.278762498892597e-11 1.6741852599058845e-11 1.1707766430600927e-11 7.714445741126164e-12 4.72665408757105e-12 2.6459879433438648e-12 1.3217752892590989e-12 5.704312546871344e-13 2.0312178442107174e-13 5.660272571014344e-14 1.13073581204413e-14 1.4047604324055727e-15 1.0001647383792316e-16 3.4184293430110054e-18 3.595051264123723e-20 8.39594877300839e-23 3.551583121727301e-26 1.403508871005436e-30 1.0885863043801133e-36 8.215533796005076e-45 1.9130409718848003e-55 4.72802872475518e-69 3.762100425022467e-77 -1.2184057729279081e-85 8.310907045138649e-94 -3.8694196539744707e-103 2.985080832542966e-111 7.668091735283302e-119 -7.319861335962249e-121 -1.321031308316766e-120 -2.3840939567794466e-120 -4.302626257960991e-120 -7.765043262264319e-120 -1.401374259576305e-119 -2.529090629728671e-119 -4.5643049097499786e-119 -1.88909 -5.51509 1.01802 5.82965 3.67624 -32.32884 16.07638 0
2694 0.2144 4 37.8007 1.0000 1.0000 0.0 0.0 0.0 0.0 0.0 0.0 0.0 0.0 0.0 0.0 0.0 0.0 0.0 0.0 0.0 0.0 0.0 0.0 0.0 0.0 0.0 0.0 0.0 0.0 0.0 0.0 0.0 0.0 0.0 0.0 0.0 0.0 0.0 0.0 0.0 0.0 0.0 0.0 0.0 0.0 2.63112 -9.39031 0.21622 9.75196 2.78607 108.69471 4.45098 0
2695 0.5498 1 4.5798 11.6479 8.8317 1.3731630891175868e-14 1.3656103440645648e-14 1.3493009800656688e-14 1.3222434301682123e-14 1.2825861393514746e-14 1.2288187640407131e-14 1.1600039343816091e-14 1.0760189253234909e-14 9.777720017677018e-15 8.673433341347472e-15 7.480339045860456e-15 6.242526138777805e-15 5.01224862780049e-15 3.847037107533637e-15 2.7995558638363178e-15 1.9129583203441387e-15 1.2172953905672875e-15 7.15630397512865e-16 3.873155756330206e-16 1.9531297670919758e-16 9.391788441114797e-17 4.355941510863647e-17 1.901025357048826e-17 7.397964979359187e-18 2.42743239625696e-18 6.384246525657662e-19 1.2719243879052198e-19 1.785875488061583e-20 1.607184746773463e-21 8.174568267500092e-23 1.9868011229232348e-24 1.842740182235806e-26 1.0071063096619073e-26 1.8175466785558255e-26 3.28016605301413e-26 5.919787074682179e-26 1.0683568588661045e-25 1.9280868779347585e-25 3.4796603569427055e-25 6.279818787340115e-25 3.92087 -5.10809 0.54655 6.43939 5.21316 49.13720 6.01794 0
2696 0.0955 1 51.6952 1.0000 1.0000 0.0 0.0 0.0 0.0 0.0 0.0 0.0 0.0 0.0 0.0 0.0 0.0 0.0 0.0 0.0 0.0 0.0 0.0 0.0 0.0 0.0 0.0 0.0 0.0 0.0 0.0 0.0 0.0 0.0 0.0 0.0 0.0 0.0 0.0 0.0 0.0 0.0 0.0 0.0 0.0 0.08039 -0.03015 0.03604 0.08586 8.47031 0.54381 0.24376 0
2697 3.1439 1 86.4816 1.0000 1.0000 0.0 0.0 0.0 0.0 0.0 0.0 0.0 0.0 0.0 0.0 0.0 0.0 0.0 0.0 0.0 0.0 0.0 0.0 0.0 0.0 0.0 0.0 0.0 0.0 0.0 0.0 0.0 0.0 0.0 0.0 0.0 0.0 0.0 0.0 0.0 0.0 0.0 0.0 0.0 0.0 1.29943 1.91975 -0.14114 2.31818 10.50141 7.10855 -0.77009 0
2698 0.3332 2 3.6523 30.6572 36.9790 1.8799105194836808e-15 1.5900598096349511e-15 1.311512871349478e-15 1.0508088827115893e-15 8.13942080383955e-16 6.058944523517469e-16 4.3019172570676107e-16 2.8852870751227203e-16 1.8051739046173486e-16 1.0361547812788012e-16 5.3363806653318744e-17 2.3922289611350505e-17 8.9428267351654e-18 2.6525440116098767e-18 5.754206700666916e-19 8.009766091322425e-20 6.602185657731759e-21 2.7267696746945594e-22 3.7624735341711724e-24 1.2769633276250132e-26 8.612843904120527e-30 6.237592289694711e-34 1.1784667524274198e-39 2.926029704838206e-47 2.341846980230234e-57 2.0419225820409782e-70 4.32351296144823e-80 -1.326770344458204e-88 8.949150422989048e-97 -4.179578550443024e-106 3.2226802168436113e-114 8.275962707783357e-122 -7.900058542029998e-124 -1.4257407610010432e-123 -2.5730653852313218e-123 -4.643667108196514e-123 -8.38052710806161e-123 -1.5124519689403921e-122 -2.7295549896273414e-122 -4.926087303532184e-122 -0.55725 -0.29401 1.06306 0.63006 8.29331 -3.88488 7.36462 0
2699 33.0717 1 43.4603 1.0000 1.0000 0.0 0.0 0.0 0.0 0.0 0.0 0.0 0.0 0.0 0.0 0.0 0.0 0.0 0.0 0.0 0.0 0.0 0.0 0.0 0.0 0.0 0.0 0.0 0.0 0.0 0.0 0.0 0.0 0.0 0.0 0.0 0.0 0.0 0.0 0.0 0.0 0.0 0.0 0.0 0.0 1.71305 -1.29335 0.03904 2.14646 7.40755 13.37131 0.30196 0
2700 13.1185 2 45.9702 1.0000 1.0000 0.0 0.0 0.0 0.0 0.0 0.0 0.0 0.0 0.0 0.0 0.0 0.0 0.0 0.0 0.0 0.0 0.0 0.0 0.0 0.0 0.0 0.0 0.0 0.0 0.0 0.0 0.0 0.0 0.0 0.0 0.0 0.0 0.0 0.0 0.0 0.0 0.0 0.0 0.0 0.0 2.45563 -1.78976 0.08108 3.03865 7.14590 20.10024 0.65012 0
2701 4.9577 1 43.5275 1.0000 1.0000 0.0 0.0 0.0 0.0 0.0 0.0 0.0 0.0 0.0 0.0 0.0 0.0 0.0 0.0 0.0 0.0 0.0 0.0 0.0 0.0 0.0 0.0 0.0 0.0 0.0 0.0 0.0 0.0 0.0 0.0 0.0 0.0 0.0 0.0 0.0 0.0 0.0 0.0 0.0 0.0 0.09437 -6.95391 -0.00300 6.95455 1.54898 3.49289 -0.11108 0
2702 4.0933 3 4.6438 34.5314 22.2254 7.197588322662534e-11 6.129820476712859e-11 5.088453819515828e-11 4.0987779590645586e-11 3.186051364950495e-11 2.373554568328874e-11 1.6802096447850862e-11 1.1180041352295345e-11 6.896991708748741e-12 3.875065262748009e-12 1.937170665238435e-12 8.350488547182088e-13 2.9710829331402276e-13 8.289206308832063e-14 1.6703042251585652e-14 2.1361974297712666e-15 1.6001689381931465e-16 6.009499973944778e-18 8.311222991938876e-20 4.0491576188025056e-22 6.895944981400202e-25 2.517867710938898e-28 9.753494454640255e-33 1.7802849683194504e-38 5.461283809862622e-46 6.8851151776237e-56 3.0627837044965787e-65 -8.748958066573022e-74 5.796399176128657e-82 -2.720979265290935e-91 2.096252132628989e-99 5.3806316996804714e-107 -5.136164262578783e-109 -9.269347442675735e-109 -1.6728593094080695e-108 -3.0190456085282176e-108 -5.448537324754842e-108 -9.833093907355323e-108 -1.7745998609859817e-107 -3.202658996529878e-107 -2.76237 -5.04366 -0.07808 5.75059 4.42527 -38.63253 -1.01096 0
2703 3.3672 1 66.5102 1.0000 1.0000 0.0 0.0 0.0 0.0 0.0 0.0 0.0 0.0 0.0 0.0 0.0 0.0 0.0 0.0 0.0 0.0 0.0 0.0 0.0 0.0 0.0 0.0 0.0 0.0 0.0 0.0 0.0 0.0 0.0 0.0 0.0 0.0 0.0 0.0 0.0 0.0 0.0 0.0 0.0 0.0 -7.08143 2.37691 -0.00601 7.46970 12.97898 -33.06620 -0.02651 0
2704 38.2786 1 39.0456 1.0000 1.0000 0.0 0.0 0.0 0.0 0.0 0.0 0.0 0.0 0.0 0.0 0.0 0.0 0.0 0.0 0.0 0.0 0.0 0.0 0.0 0.0 0.0 0.0 0.0 0.0 0.0 0.0 0.0 0.0 0.0 0.0 0.0 0.0 0.0 0.0 0.0 0.0 0.0 0.0 0.0 0.0 -3.27546 0.69551 -0.01502 3.34848 9.76147 -19.60598 -0.08813 0
2705 0.3178 3 24.0711 1.0000 1.0000 0.0 0.0 0.0 0.0 0.0 0.0 0.0 0.0 0.0 0.0 0.0 0.0 0.0 0.0 0.0 0.0 0.0 0.0 0.0 0.0 0.0 0.0 0.0 0.0 0.0 0.0 0.0 0.0 0.0 0.0 0.0 0.0 0.0 0.0 0.0 0.0 0.0 0.0 0.0 0.0 7.86408 -9.22554 0.06306 12.12247 7.89773 95.27117 0.45751 0
