skymodel/snr/OUTPUT_FILES_1/ctadc_skymodel_gps_sources_pevatron_0.ecsv
# %ECSV 0.9
# ---
# datatype:
# - {name: Num_SNR, unit: '', datatype: float64, format: '%i', description: Simulation number}
# - {name: n0, unit: 1 / cm3, datatype: float64, format: '%0.4f', description: density}
# - {name: type, unit: '', datatype: float64, format: '%i', description: type of progenitor}
# - {name: agekyr, unit: kyear, datatype: float64, format: '%0.4f', description: age of the SNR}
# - {name: sigma, unit: arcmin, datatype: float64, format: '%0.4f', description: apparent size of the SNR}
# - {name: SNR_radiuspc, unit: pc, datatype: float64, format: '%0.4f', description: SNR Radius}
# - {name: '0.1', unit: TeV / (cm2 s), datatype: float64, description: Differential spectrum}
# - {name: '0.13433993325989002', unit: TeV / (cm2 s), datatype: float64, description: Differential spectrum}
# - {name: '0.18047217668271703', datatype: float64}
# - {name: '0.24244620170823283', datatype: float64}
# - {name: '0.3257020655659783', datatype: float64}
# - {name: '0.43754793750741844', datatype: float64}
# - {name: '0.5878016072274912', datatype: float64}
# - {name: '0.7896522868499725', datatype: float64}
# - {name: '1.0608183551394483', datatype: float64}
# - {name: '1.4251026703029979', datatype: float64}
# - {name: '1.9144819761699576', datatype: float64}
# - {name: '2.5719138090593443', datatype: float64}
# - {name: '3.455107294592218', datatype: float64}
# - {name: '4.6415888336127775', datatype: float64}
# - {name: '6.235507341273912', datatype: float64}
# - {name: '8.376776400682916', datatype: float64}
# - {name: '11.253355826007645', datatype: float64}
# - {name: '15.117750706156615', datatype: float64}
# - {name: '20.309176209047347', datatype: float64}
# - {name: '27.283333764867667', datatype: float64}
# - {name: '36.65241237079626', datatype: float64}
# - {name: '49.238826317067364', datatype: float64}
# - {name: '66.14740641230146', datatype: float64}
# - {name: '88.86238162743399', datatype: float64}
# - {name: '119.37766417144357', datatype: float64}
# - {name: '160.37187437513293', datatype: float64}
# - {name: '215.44346900318823', datatype: float64}
# - {name: '289.4266124716749', datatype: float64}
# - {name: '388.81551803080856', datatype: float64}
# - {name: '522.3345074266838', datatype: float64}
# - {name: '701.7038286703822', datatype: float64}
# - {name: '942.6684551178845', datatype: float64}
# - {name: '1266.380173467402', datatype: float64}
# - {name: '1701.2542798525858', datatype: float64}
# - {name: '2285.4638641349884', datatype: float64}
# - {name: '3070.2906297578497', datatype: float64}
# - {name: '4124.626382901348', datatype: float64}
# - {name: '5541.020330009481', datatype: float64}
# - {name: '7443.803013251681', datatype: float64}
# - {name: '10000.0', datatype: float64}
# - {name: galactocentric_x, unit: kpc, datatype: float64, format: '%0.5f', description: Galactocentric X}
# - {name: galactocentric_y, unit: kpc, datatype: float64, format: '%0.5f', description: Galactocentric Y}
# - {name: galactocentric_z, unit: kpc, datatype: float64, format: '%0.5f', description: Galactocentric Y}
# - {name: galactocentric_r, unit: kpc, datatype: float64, format: '%0.5f', description: Galactocentric radius in the xy plan}
# - {name: distance, unit: kpc, datatype: float64, format: '%.5f', description: Distance from Earth}
[...]
#     0.7896522868499725, 1.0608183551394483, 1.4251026703029979, 1.9144819761699576, 2.5719138090593443, 3.455107294592218, 4.6415888336127775,
#     6.235507341273912, 8.376776400682916, 11.253355826007645, 15.117750706156615, 20.309176209047347, 27.283333764867667, 36.65241237079626,
#     49.238826317067364, 66.14740641230146, 88.86238162743399, 119.37766417144357, 160.37187437513293, 215.44346900318823, 289.4266124716749,
#     388.81551803080856, 522.3345074266838, 701.7038286703822, 942.6684551178845, 1266.380173467402, 1701.2542798525858, 2285.4638641349884,
#     3070.2906297578497, 4124.626382901348, 5541.020330009481, 7443.803013251681, 10000.0]
# schema: astropy-2.0
Num_SNR n0 type agekyr sigma SNR_radiuspc 0.1 0.13433993325989002 0.18047217668271703 0.24244620170823283 0.3257020655659783 0.43754793750741844 0.5878016072274912 0.7896522868499725 1.0608183551394483 1.4251026703029979 1.9144819761699576 2.5719138090593443 3.455107294592218 4.6415888336127775 6.235507341273912 8.376776400682916 11.253355826007645 15.117750706156615 20.309176209047347 27.283333764867667 36.65241237079626 49.238826317067364 66.14740641230146 88.86238162743399 119.37766417144357 160.37187437513293 215.44346900318823 289.4266124716749 388.81551803080856 522.3345074266838 701.7038286703822 942.6684551178845 1266.380173467402 1701.2542798525858 2285.4638641349884 3070.2906297578497 4124.626382901348 5541.020330009481 7443.803013251681 10000.0 galactocentric_x galactocentric_y galactocentric_z galactocentric_r distance glon glat skip
[from data line 178]
177 0.1592 2 0.7526 13.9776 42.4871 7.306866979587237e-12 6.907622276697278e-12 6.529011534165044e-12 6.170500442275462e-12 5.831019969006109e-12 5.50913767172311e-12 5.203267766676641e-12 4.911892093947708e-12 4.6336827124027655e-12 4.367411913626772e-12 4.111822157757427e-12 3.865621391852859e-12 3.627509395634814e-12 3.3962086516584383e-12 3.1704990386463816e-12 2.9492576917135274e-12 2.7315040840770723e-12 2.5164495899731654e-12 2.3035516971080316e-12 2.0925704195658488e-12 1.883624666251414e-12 1.6772439046519758e-12 1.4744081142142657e-12 1.2765674978285815e-12 1.0856303776490858e-12 9.039062328265448e-13 7.339918548275686e-13 5.785911966867584e-13 4.402688596048863e-13 3.21150917064662e-13 2.226061634527897e-13 1.4496315021786987e-13 2.1150922715098275e-13 3.817153061241702e-13 6.888899216933879e-13 1.2432546366279245e-12 2.243728704431215e-12 4.0493060317419315e-12 7.30787073602923e-12 1.3188673386471274e-11 13.82017 7.17721 0.04505 15.57272 20.89914 41.39763 0.12349 0
178 0.0638 2 8.1062 21.7214 51.1280 2.105490152913327e-12 1.9904468938960223e-12 1.8813493569604533e-12 1.7780435795605818e-12 1.6802215177149638e-12 1.5874704098582165e-12 1.4993333088332462e-12 1.4153727534484134e-12 1.3352060944785198e-12 1.2584795649827098e-12 1.184830802021544e-12 1.113887497634048e-12 1.04527499042293e-12 9.786251608633814e-13 9.135864282653495e-13 8.498352365869269e-13 7.870890448304976e-13 7.25120608708621e-13 6.637736020838001e-13 6.029788724746264e-13 5.427706837494721e-13 4.833016031555153e-13 4.24854013974264e-13 3.6784579542997266e-13 3.12826834843084e-13 2.604626138247797e-13 2.1150140367620795e-13 1.6672235454532984e-13 1.2686446203579754e-13 9.254035900308092e-14 6.414446662804041e-14 4.177145774949656e-14 6.094685947627044e-14 1.0999212391658186e-13 1.9850518021180702e-13 3.5824661955619896e-13 6.46535472205323e-13 1.1668166397148271e-12 2.1057793875894886e-12 3.800345896918747e-12 -7.05373 6.04504 -0.77177 9.28965 16.18360 -25.87142 -2.73339 0
179 1.1239 2 4.6890 23.8950 29.3395 1.2563039157538664e-13 1.1876599011596723e-13 1.1225635801621067e-13 1.0609230863854506e-13 1.0025546161393495e-13 9.472118828429285e-14 8.946222352553375e-14 8.445246490220826e-14 7.96690804994159e-14 7.509096175046714e-14 7.069648718261081e-14 6.646344192351771e-14 6.236947067602687e-14 5.839260848343401e-14 5.451187722826626e-14 5.070797096782823e-14 4.696403104518485e-14 4.326649824763863e-14 3.9606044906839244e-14 3.597854483235463e-14 3.238604248076661e-14 2.883764123495237e-14 2.535019034124103e-14 2.1948623818203958e-14 1.8665752343816978e-14 1.554128387647837e-14 1.2619866270008515e-14 9.947989857334944e-15 7.569749029937218e-15 5.521698366528769e-15 3.827372191090347e-15 2.4924194427994604e-15 3.6365773597655475e-15 6.563010317919754e-15 1.1844407576661107e-14 2.1375860168773e-14 3.8577480131238463e-14 6.96216181021886e-14 1.2564764963074855e-13 2.2675904823928623e-13 -0.91580 -0.13260 0.64565 0.92535 8.44209 -6.24605 4.38623 0
180 0.9383 2 2.2813 71.1616 30.7294 5.767697576097871e-13 5.451138186899665e-13 5.150628100996665e-13 4.865695902660098e-13 4.595440349787162e-13 4.338665455312131e-13 4.0940465527061564e-13 3.860305518578232e-13 3.6363090809879896e-13 3.421000300655191e-13 3.2132998287923894e-13 3.012107995293697e-13 2.816333558006153e-13 2.624928486326687e-13 2.4369283956250167e-13 2.2514996035822957e-13 2.0679923400096588e-13 1.885998401706879e-13 1.7054114247178646e-13 1.5264848591951932e-13 1.3498817607094436e-13 1.1767075634418002e-13 1.008514560749252e-13 8.472659552081534e-14 6.952469205870975e-14 5.5491324939642693e-14 4.286760063522381e-14 3.1863231054793295e-14 2.2627036678347747e-14 1.521959624101654e-14 9.594332732801438e-15 5.593692535034137e-15 7.966666393185654e-15 1.4377616248832627e-14 2.5947596999356302e-14 4.682819310159778e-14 8.451185939163927e-14 1.5252039219912833e-13 2.7525687168678434e-13 4.967620678018942e-13 -0.71415 -5.62844 0.24324 5.67357 2.96901 -13.96592 4.69936 0
181 0.1137 2 9.1357 28.0324 46.6077 9.686948563153688e-16 9.152889420666532e-16 8.645395245897559e-16 8.163596726237881e-16 7.705892038749869e-16 7.270174266975484e-16 6.854111702475938e-16 6.455444668520999e-16 6.072154607536013e-16 5.702354799920706e-16 5.344132809683997e-16 4.995565373478379e-16 4.654781440890825e-16 4.3200388340361286e-16 3.989813610676869e-16 3.6629028480265247e-16 3.3385382256225897e-16 3.0165045050615445e-16 2.6972553602606276e-16 2.3820123376995565e-16 2.0728298666799288e-16 1.7726038793444079e-16 1.484998717834936e-16 1.2142692596559353e-16 9.649616085915357e-17 7.414917643941641e-17 5.4762839051519785e-17 3.8593878764983784e-17 2.5729460900876355e-17 1.6055914092366365e-17 9.25757173841051e-18 4.853049677750177e-18 6.7506687677713746e-18 1.2183078865837328e-17 2.1987067616148742e-17 3.96805395155645e-17 7.161233338318476e-17 1.292403368299173e-16 2.332428490290274e-16 4.2093844659947014e-16 8.79108 -1.21534 0.57357 8.87469 11.43146 50.35341 2.87602 0
182 0.4808 2 7.4353 14.5812 35.3065 1.560827737429662e-10 1.475111740237941e-10 1.3937306449016572e-10 1.3165551990164938e-10 1.243339589496268e-10 1.1737580027010104e-10 1.1074495856487385e-10 1.044065907736259e-10 9.832976371062908e-11 9.24856108135307e-11 8.684467618635122e-11 8.137699387047113e-11 7.605289601617641e-11 7.084399233751897e-11 6.572431038425361e-11 6.067162162968735e-11 5.5668937628619274e-11 5.070612451209405e-11 4.5781577770826466e-11 4.090381229276275e-11 3.609279302604698e-11 3.138074969551675e-11 2.6812153546885358e-11 2.2442515907990604e-11 1.8335669130818047e-11 1.455929580337388e-11 1.1178713132379322e-11 8.249268973344578e-12 5.808219848031892e-12 3.8674828651556755e-12 2.409040539360913e-12 1.3847826317003596e-12 1.9660870065543114e-12 3.5482400162046324e-12 6.403585991171704e-12 1.1556691024017137e-11 2.0856611843539862e-11 3.764038137630167e-11 6.79304155814878e-11 1.2259549962952685e-10 8.81410 5.62339 0.05706 10.45518 16.64818 31.96739 0.19637 0
183 9.0899 3 4.5397 17.5922 18.4692 3.647811469688205e-09 3.448496303491418e-09 3.2594822413749806e-09 3.08050253958778e-09 2.9110235046489027e-09 2.7503300173856692e-09 2.597630406050443e-09 2.4521667587802815e-09 2.313276126747501e-09 2.1803456003630066e-09 2.052747377266923e-09 1.9298364251143885e-09 1.8109636341766106e-09 1.6954912286734687e-09 1.5828100867470595e-09 1.4723596399049955e-09 1.363650379188835e-09 1.256288598497872e-09 1.1500034591029448e-09 1.0446751526950351e-09 9.403630422361529e-10 8.373314540891923e-10 7.360696239656993e-10 6.373015375015511e-10 5.419798874803085e-10 4.512576365272189e-10 3.6643118236278365e-10 2.8885042103966165e-10 2.197956799131398e-10 1.6032835988969116e-10 1.1113180499041305e-10 7.237003814687646e-11 1.0559187499945801e-10 1.9056395521161524e-10 3.4391491794308063e-10 6.206707383484591e-10 1.1201379915301528e-09 2.0215374151645314e-09 3.648312575602971e-09 6.584189117379992e-09 -4.05364 -2.52788 -0.06907 4.77726 7.21824 -34.16713 -0.54825 0
184 0.6647 2 2.9178 97.5445 32.1850 2.639556234158267e-09 2.495331787837857e-09 2.3585612200196574e-09 2.2290515149359776e-09 2.1064164920052998e-09 1.990138691027324e-09 1.8796452583432637e-09 1.774387768973012e-09 1.6738865131666954e-09 1.577697989570057e-09 1.4853679204205023e-09 1.3964295603390214e-09 1.3104132135516752e-09 1.2268573855293694e-09 1.1453213157199982e-09 1.0653993767847994e-09 9.867373600609517e-10 9.090503798296436e-10 8.321424571972857e-10 7.559268988761941e-10 6.80446659903348e-10 6.058930068244106e-10 5.326199505807424e-10 4.6115136714964455e-10 3.9217662499134763e-10 3.265300078155524e-10 2.65149588961171e-10 2.0901215315813755e-10 1.5904414522973518e-10 1.160135948296131e-10 8.041496966420211e-11 5.236695672026803e-11 7.640627654342696e-11 1.3789207040013864e-10 2.4885682092399523e-10 4.491173215449463e-10 8.105318060512801e-10 1.4627843930864808e-09 2.6399188343782485e-09 4.7643189830594466e-09 -0.34018 -6.28870 -0.37538 6.29789 2.26859 -8.74576 -9.52434 0
185 1.9920 1 5.5181 4.6123 7.3847 3.2659237587274677e-13 3.068960905637035e-13 2.8787172288136225e-13 2.6945953338311687e-13 2.5157592548412916e-13 2.3412356083937353e-13 2.1700403314893425e-13 2.0013191870735716e-13 1.8344526918200448e-13 1.669072965241661e-13 1.5050684032159158e-13 1.34264611130742e-13 1.1824010219684332e-13 1.0253680063303074e-13 8.730417770506374e-14 7.273482519951281e-14 5.905511099623804e-14 4.6508212410223134e-14 3.5329554125540805e-14 2.5716390579847866e-14 1.779563516589939e-14 1.1596301101660067e-14 7.0342750409265965e-15 3.916376544998171e-15 1.966737804110943e-15 8.717039187655948e-16 3.317958903785602e-16 1.0474776429909913e-16 2.6229483747945677e-17 4.916521560212412e-18 6.395186710979335e-19 5.2239395064694404e-20 4.748431108332149e-20 8.569596979486278e-20 1.5465738201815287e-19 2.7911354372866606e-19 5.037222877833898e-19 9.09078577198662e-19 1.640633896026702e-18 2.9608877035538598e-18 -7.62112 -0.55649 0.05105 7.64141 11.00833 -43.81343 0.26571 0
186 1.8223 2 3.7119 15.8283 26.7456 1.4252359118981932e-13 1.3473615110389009e-13 1.273511853121926e-13 1.203582718733372e-13 1.1373655885675472e-13 1.0745810585144499e-13 1.0149198146082458e-13 9.580857332178421e-14 9.038197936964935e-14 8.518825262239114e-14 8.020286422274263e-14 7.54006121209256e-14 7.075613495975969e-14 6.624451421060898e-14 6.184195088183731e-14 5.752654300967645e-14 5.327916499642052e-14 4.9084434356484155e-14 4.4931769153649784e-14 4.081648835914061e-14 3.674091134242087e-14 3.271536559513732e-14 2.8758966038970945e-14 2.4899999506629694e-14 2.1175688644608094e-14 1.7631080839599133e-14 1.4316827628906816e-14 1.1285670782427555e-14 8.587633952449395e-15 6.264187119025007e-15 4.34202920689709e-15 2.8275687537433636e-15 4.125578679282926e-15 7.445521643259972e-15 1.3437094974974098e-14 2.4250217784259798e-14 4.376489588555291e-14 7.898346022758207e-14 1.425431698920457e-13 2.572507614167187e-13 -3.06755 2.68008 0.75375 4.07341 11.61775 -15.34302 3.71993 0
187 0.0621 3 4.9779 32.2524 48.8156 1.1971324460519988e-11 1.1296541013587987e-11 1.0652345910490187e-11 1.0037268545714647e-11 9.448897985938808e-12 8.88417615284554e-12 8.339763142495411e-12 7.812431375131981e-12 7.299311617228683e-12 6.797806018446398e-12 6.305454868680138e-12 5.820030802675309e-12 5.339704468495431e-12 4.863234106257656e-12 4.3901691622125305e-12 3.9210549669778645e-12 3.4576155468344148e-12 3.0028820213507883e-12 2.5612282265909254e-12 2.1382676884419037e-12 1.7405709144680249e-12 1.3751749554911813e-12 1.0488870318056387e-12 7.674327231779672e-13 5.345588044702414e-13 3.5126150775942783e-13 2.1534833821179362e-13 1.215217641003382e-13 6.207512191182289e-14 2.811224075156449e-14 1.0995405835912076e-14 3.592508784150028e-15 4.4919981304703086e-15 8.106806802606706e-15 1.4630530696126925e-14 2.6404037207533387e-14 4.7651940680549895e-14 8.599849457774536e-14 1.5520335507882568e-13 2.800988731953636e-13 -9.78465 -4.99600 -0.52553 10.98633 10.40642 -70.29696 -2.89468 0
188 3.9466 2 4.1328 10.9775 23.2783 2.2786212801868775e-09 2.1538173183109336e-09 2.0353969115988387e-09 1.923182666450618e-09 1.8168287097878566e-09 1.7158740549807204e-09 1.6198081307558793e-09 1.5281398189145226e-09 1.440435964212421e-09 1.3562937915500054e-09 1.2753011198088991e-09 1.1970360696453137e-09 1.121076914019546e-09 1.0470138805723598e-09 9.744627407545672e-10 9.030806103494198e-10 8.325839023425997e-10 7.627680025758873e-10 6.935283488463602e-10 6.248815585700925e-10 5.569850578681139e-10 4.901526543141149e-10 4.2486257382452223e-10 3.617539778063907e-10 3.0160731358751656e-10 2.4530415244518787e-10 1.9376385940495048e-10 1.4785728728212756e-10 1.0830307827485149e-10 7.555877107372431e-11 4.972603127790061e-11 3.049459064465649e-11 4.391612910183781e-11 7.925639410487871e-11 1.430357396013075e-10 2.581397126927032e-10 4.658703583790325e-10 8.40766376286213e-10 1.5173493801001344e-09 2.7383934541484315e-09 -3.30088 5.70115 -0.05405 6.58779 14.57983 -13.08534 -0.21242 0
189 0.2913 2 1.0564 19.9201 36.9790 4.138069957485774e-15 3.911967235850123e-15 3.697550065860468e-15 3.494515853944727e-15 3.302259179296959e-15 3.1199688121732198e-15 2.9467466817433347e-15 2.781733014321965e-15 2.6241757620991e-15 2.4733796416758214e-15 2.3286324753241746e-15 2.1892025396559388e-15 2.0543534859069985e-15 1.9233618225215006e-15 1.7955365628951572e-15 1.6702417992633293e-15 1.5469222336530881e-15 1.4251312466596185e-15 1.3045615993760112e-15 1.1850773814987472e-15 1.0667459342519033e-15 9.498671089272386e-16 8.349958935269878e-16 7.229535758930229e-16 6.148208887932143e-16 5.119057506990437e-16 4.1567879256408756e-16 3.2767133374179344e-16 2.4933577499592237e-16 1.8187616736926103e-16 1.260676949380016e-16 8.209642498417997e-17 1.197832095547421e-16 2.1617536558386292e-16 3.9013638772101933e-16 7.040876309514494e-16 1.2706822733318536e-15 2.293227957403424e-15 4.138638411022577e-15 7.469090825399474e-15 -12.22899 -4.84523 0.03003 13.15387 12.76348 -73.36062 0.13481 0
190 17.0228 1 0.6618 2.2964 2.0288 7.75814709026689e-11 7.320388841241038e-11 6.902388061706071e-11 6.503181218522518e-11 6.121194925740221e-11 5.7544364830904626e-11 5.400731392150837e-11 5.0579798253626915e-11 4.724317389918618e-11 4.398060396516386e-11 4.0776214601612924e-11 3.7615727857476513e-11 3.448755885415731e-11 3.1384066450543056e-11 2.8302889422588735e-11 2.5248278598054014e-11 2.2232269472648826e-11 1.9275476825434052e-11 1.6407255850180033e-11 1.3664928665341084e-11 1.1091812743410195e-11 8.733881990563915e-12 6.635097849774077e-12 4.831777112827233e-12 3.346758147893827e-12 2.1845167403683152e-12 1.328599910788036e-12 7.425688043910477e-13 3.7494282143559824e-13 1.674269648419899e-13 6.43659952291329e-14 2.0588016169776156e-14 2.5618858788606014e-14 4.623491209706874e-14 8.344115224892097e-14 1.5058806371276786e-13 2.717695564067883e-13 4.904684340082945e-13 8.851590587964061e-13 1.5974658205141285e-12 -2.12194 -2.80877 0.06607 3.52020 6.07430 -20.44768 0.62318 0
191 0.8564 2 1.2350 219.2048 30.7294 8.067172422192922e-12 7.626384890976263e-12 7.2083783569261984e-12 6.812562913505481e-12 6.437758292115487e-12 6.0823829993821986e-12 5.744686245128619e-12 5.42299189950775e-12 5.115833844398142e-12 4.8218566239667665e-12 4.539671846865488e-12 4.2678530174577865e-12 4.004964622931167e-12 3.749596215616279e-12 3.5004007162864882e-12 3.2561384219800987e-12 3.0157267786225065e-12 2.7782951011401533e-12 2.543244426909668e-12 2.3103097986288847e-12 2.07962249809618e-12 1.8517670857700186e-12 1.6278255114367332e-12 1.409398876744333e-12 1.1985940715401256e-12 9.979608844772615e-13 8.103663123909285e-13 6.387956642258039e-13 4.86080397039813e-13 3.5456780980737895e-13 2.457691248291964e-13 1.6004708049822262e-13 2.3351751292017345e-13 4.214341385023812e-13 7.605713630393053e-13 1.372619694102447e-12 2.4771966395223327e-12 4.470650696057065e-12 8.068280623055241e-12 1.4561001661297708e-11 0.42778 -9.36308 0.03303 9.37285 0.96385 153.63481 1.96403 0
