skymodel/snr/OUTPUT_FILES_1/ctadc_skymodel_gps_sources_pevatron_0.ecsv
# %ECSV 0.9
# ---
# datatype:
# - name: Num_SNR
#   unit: ''
#   datatype: float64
#   format: '%i'
#   description: Simulation number
# - name: n0
#   unit: 1 / cm3
#   datatype: float64
#   format: '%0.4f'
#   description: density
# - name: type
#   unit: ''
#   datatype: float64
#   format: '%i'
#   description: type of progenitor
# - name: agekyr
#   unit: kyear
#   datatype: float64
#   format: '%0.4f'
#   description: age of the SNR
# - name: sigma
#   unit: arcmin
#   datatype: float64
#   format: '%0.4f'
#   description: apparent size of the SNR
# - name: SNR_radiuspc
#   unit: pc
#   datatype: float64
#   format: '%0.4f'
#   description: SNR Radius
# - name: '0.1'
#   unit: TeV / (cm2 s)
#   datatype: float64
#   description: Differential spectrum
# - name: '0.13433993325989002'
#   unit: TeV / (cm2 s)
#   datatype: float64
#   description: Differential spectrum
# - name: '0.18047217668271703'
#   datatype: float64
# - name: '0.24244620170823283'
#   datatype: float64
# - name: '0.3257020655659783'
#   datatype: float64
# - name: '0.43754793750741844'
#   datatype: float64
# - name: '0.5878016072274912'
#   datatype: float64
# - name: '0.7896522868499725'
#   datatype: float64
# - name: '1.0608183551394483'
#   datatype: float64
# - name: '1.4251026703029979'
#   datatype: float64
# - name: '1.9144819761699576'
#   datatype: float64
# - name: '2.5719138090593443'
#   datatype: float64
# - name: '3.455107294592218'
#   datatype: float64
# - name: '4.6415888336127775'
#   datatype: float64
# - name: '6.235507341273912'
#   datatype: float64
# - name: '8.376776400682916'
#   datatype: float64
# - name: '11.253355826007645'
#   datatype: float64
# - name: '15.117750706156615'
#   datatype: float64
# - name: '20.309176209047347'
#   datatype: float64
# - name: '27.283333764867667'
#   datatype: float64
# - name: '36.65241237079626'
#   datatype: float64
# - name: '49.238826317067364'
#   datatype: float64
# - name: '66.14740641230146'
#   datatype: float64
# - name: '88.86238162743399'
#   datatype: float64
# - name: '119.37766417144357'
#   datatype: float64
# - name: '160.37187437513293'
#   datatype: float64
# - name: '215.44346900318823'
#   datatype: float64
# - name: '289.4266124716749'
#   datatype: float64
# - name: '388.81551803080856'
#   datatype: float64
# - name: '522.3345074266838'
#   datatype: float64
# - name: '701.7038286703822'
#   datatype: float64
# - name: '942.6684551178845'
#   datatype: float64
# - name: '1266.380173467402'
#   datatype: float64
# - name: '1701.2542798525858'
#   datatype: float64
# - name: '2285.4638641349884'
#   datatype: float64
# - name: '3070.2906297578497'
#   datatype: float64
# - name: '4124.626382901348'
#   datatype: float64
# - name: '5541.020330009481'
#   datatype: float64
# - name: '7443.803013251681'
#   datatype: float64
# - name: '10000.0'
#   datatype: float64
# - name: galactocentric_x
#   unit: kpc
#   datatype: float64
#   format: '%0.5f'
#   description: Galactocentric X
# - name: galactocentric_y
#   unit: kpc
#   datatype: float64
#   format: '%0.5f'
#   description: Galactocentric Y
# - name: galactocentric_z
#   unit: kpc
#   datatype: float64
#   format: '%0.5f'
#   description: Galactocentric Y
# - name: galactocentric_r
#   unit: kpc
#   datatype: float64
#   format: '%0.5f'
[...]
#   - 1.0608183551394483
#   - 1.4251026703029979
#   - 1.9144819761699576
#   - 2.5719138090593443
#   - 3.455107294592218
#   - 4.6415888336127775
#   - 6.235507341273912
#   - 8.376776400682916
#   - 11.253355826007645
#   - 15.117750706156615
#   - 20.309176209047347
#   - 27.283333764867667
#   - 36.65241237079626
#   - 49.238826317067364
#   - 66.14740641230146
#   - 88.86238162743399
#   - 119.37766417144357
#   - 160.37187437513293
#   - 215.44346900318823
#   - 289.4266124716749
#   - 388.81551803080856
#   - 522.3345074266838
#   - 701.7038286703822
#   - 942.6684551178845
#   - 1266.380173467402
#   - 1701.2542798525858
#   - 2285.4638641349884
#   - 3070.2906297578497
#   - 4124.626382901348
#   - 5541.020330009481
#   - 7443.803013251681
#   - 10000.0
# schema: astropy-2.0
Num_SNR n0 type agekyr sigma SNR_radiuspc 0.1 0.13433993325989002 0.18047217668271703 0.24244620170823283 0.3257020655659783 0.43754793750741844 0.5878016072274912 0.7896522868499725 1.0608183551394483 1.4251026703029979 1.9144819761699576 2.5719138090593443 3.455107294592218 4.6415888336127775 6.235507341273912 8.376776400682916 11.253355826007645 15.117750706156615 20.309176209047347 27.283333764867667 36.65241237079626 49.238826317067364 66.14740641230146 88.86238162743399 119.37766417144357 160.37187437513293 215.44346900318823 289.4266124716749 388.81551803080856 522.3345074266838 701.7038286703822 942.6684551178845 1266.380173467402 1701.2542798525858 2285.4638641349884 3070.2906297578497 4124.626382901348 5541.020330009481 7443.803013251681 10000.0 galactocentric_x galactocentric_y galactocentric_z galactocentric_r distance glon glat skip
[from data line 367]
366 30.3347 2 18.5455 10.5508 16.0748 1.8066084539907372e-10 1.483328598190613e-10 1.1803158624117467e-10 9.050186366049606e-11 6.640327395187683e-11 4.622552167737823e-11 3.020916943209016e-11 1.829185889090582e-11 1.0098240870108265e-11 4.985746880883928e-12 2.1535670290223394e-12 7.946675690013219e-13 2.4425340077551145e-13 6.080212087261702e-14 1.1683710727197115e-14 1.6085715654607484e-15 1.4291163809125637e-16 7.162047980226265e-18 1.7058135098482256e-19 1.5382310044939721e-21 3.867830889858409e-24 1.796231622936174e-27 8.817695446169855e-32 2.1826346884829826e-37 1.0049032693054396e-44 2.1456571976292626e-54 6.591691243348383e-64 -1.89601713313414e-72 1.2582452797409625e-80 -5.903780251843055e-90 4.548645328427e-98 1.167592217928938e-105 -1.1145444478740652e-107 -2.0114426251746924e-107 -3.6300942883767595e-107 -6.551310177868538e-107 -1.1823292079235705e-106 -2.133775257095191e-106 -3.850870651996939e-106 -6.949750086894827e-106 3.89698 1.22340 -0.00300 4.08451 10.47526 21.84012 -0.01643 0
367 4.3036 1 1.8334 2.1224 4.0487 1.5138702656070863e-14 1.479642280140621e-14 1.4341911370836663e-14 1.3762034521502568e-14 1.3048288432630096e-14 1.219875390780845e-14 1.1219883827237774e-14 1.0127820368796665e-14 8.948863191107316e-15 7.718671505766483e-15 6.4803268165087335e-15 5.2808982315621385e-15 4.166819205927538e-15 3.1801500292588113e-15 2.3490701635830107e-15 1.6858267037144165e-15 1.186295827778856e-15 8.255041837408016e-16 5.693655112577422e-16 3.8590719440800974e-16 2.518945473226942e-16 1.547531180450366e-16 8.771616063808652e-17 4.5023679134406095e-17 2.049040698420082e-17 8.054379997888515e-18 2.6451966014262438e-18 6.955638128729067e-19 1.3859416246742744e-19 1.9473575862622982e-20 1.7551530053151883e-21 8.949971178480807e-23 7.290585494245148e-23 1.3157478334378616e-22 2.3745587546610034e-22 4.28541787114674e-22 7.733986912008659e-22 1.395769452445845e-21 2.518975512301462e-21 4.54604993715508e-21 5.73010 3.29738 -0.04805 6.61111 13.11543 25.90630 -0.20990 0
368 0.6026 1 2.6118 5.9474 6.8844 6.632104315957377e-15 6.640940703966612e-15 6.612948974547927e-15 6.5378291208137015e-15 6.4053856775253344e-15 6.20641461087425e-15 5.933792154555211e-15 5.5836972789918595e-15 5.156827752482004e-15 4.659387522273664e-15 4.103758457618512e-15 3.5084853005861915e-15 2.897415583916441e-15 2.2987996450478025e-15 1.7406382840543125e-15 1.2484042947052111e-15 8.431735487998069e-16 5.336907391906207e-16 3.1654036426641127e-16 1.7831905434478414e-16 9.765476641989247e-17 5.2724689308777866e-17 2.761265284292889e-17 1.3445372716038752e-17 5.8189990826225935e-18 2.155908605519586e-18 6.582822903283048e-19 1.5808520453121108e-19 2.810592449095334e-20 3.4177019121056215e-21 2.56031293483004e-22 1.0283269540547164e-23 7.922980637669728e-24 1.4298775614952746e-23 2.580531159128283e-23 4.6571407528545695e-23 8.404843287854498e-23 1.5168403628362225e-22 2.7374748196125583e-22 4.9403803930960755e-22 -0.23551 -0.55294 -0.36036 0.60101 7.95871 -1.69746 -2.59517 0
369 0.1637 3 17.5539 23.8476 42.4871 2.8213931394660535e-16 2.270137648296521e-16 1.7693773046975724e-16 1.329260635593614e-16 9.567440746624376e-17 6.548172647207463e-17 4.221193631191807e-17 2.5310485177528843e-17 1.3879806851923752e-17 6.800364707470649e-18 2.881533282679931e-18 1.008665260503298e-18 2.729391296471441e-19 5.3063339160033594e-20 6.529321897144756e-21 4.120180673369138e-22 1.2186813776225914e-23 1.3264548861731285e-25 2.699387854797601e-28 6.535830917293619e-32 1.6411079377593364e-36 1.603828339403937e-42 5.55666681423133e-51 5.692529038477123e-62 -1.2388886527769034e-75 -1.420629479381776e-83 3.2531091152345e-91 -1.0668787640412429e-99 7.295802751106124e-108 -3.394420110873442e-117 2.618947137839048e-125 6.728019267210671e-133 -6.42249286813818e-135 -1.1590812676421214e-134 -2.0918191932353692e-134 -3.7751516302987294e-134 -6.813098320273182e-134 -1.2295746838130618e-133 -2.2190401958170723e-133 -4.004750142855505e-133 -7.41492 1.20250 0.96396 7.51179 12.24944 -37.38806 4.51353 0
370 33.2980 1 5.2332 2.5622 4.1273 1.142112524145613e-13 1.0603939748619518e-13 9.731048025557391e-14 8.812918765585653e-14 7.863547576194024e-14 6.900497255185806e-14 5.944638496571785e-14 5.019349835941202e-14 4.148866526606186e-14 3.3555658560093436e-14 2.6567610891086085e-14 2.0616262761584827e-14 1.5696606034767348e-14 1.1721451540458144e-14 8.545381430641835e-15 6.026920158838432e-15 4.060487542774947e-15 2.5747848643370195e-15 1.5136454540443799e-15 8.116125352547617e-16 3.8934966108559534e-16 1.6315650659684778e-16 5.79441182047532e-17 1.6779730850115296e-17 3.769737593322052e-18 6.158237328672142e-19 6.719086907226328e-20 4.375897185332387e-21 1.464902646209598e-22 2.063918134630257e-24 9.354615359335635e-27 9.499904402008684e-30 3.0840180627830642e-30 5.5657945271927484e-30 1.004471053291231e-29 1.8127907740225026e-29 3.271582968581878e-29 5.904296995380755e-29 1.0655613305375926e-28 1.923041727110519e-28 3.25132 2.08725 -0.00300 3.86364 11.07524 17.07161 -0.01554 0
371 0.0995 1 12.4963 9.7187 18.6317 4.0176056284341644e-16 4.011035465320951e-16 3.980663317316603e-16 3.9202717939769755e-16 3.8238002616744936e-16 3.6859105023669653e-16 3.502673944127215e-16 3.2723346096614794e-16 2.9960569102238517e-16 2.67851577372728e-16 2.32826796800966e-16 1.9576674837136335e-16 1.5822250854115066e-16 1.219924919550782e-16 8.881946930538363e-17 6.023853998330766e-17 3.746149543498228e-17 2.0883824034737586e-17 1.0108466983278262e-17 4.104068452675895e-18 1.3493109936442947e-18 3.545717166341155e-19 8.75405360558886e-20 1.4764741583573253e-20 1.22098380042141e-21 4.0720253130657263e-23 5.469096689713791e-25 4.8168011469333235e-27 2.039626659939928e-29 2.0170291631990302e-32 2.719864612484284e-36 2.5742980501151207e-41 2.7773990811453635e-42 5.012432576908811e-42 9.046046176300952e-42 1.6325596438094054e-41 2.9463159248264394e-41 5.317280481483791e-41 9.59621182525907e-41 1.731849236012937e-40 -8.74070 1.34403 -0.65766 8.84343 13.18095 -41.60250 -2.85994 0
372 0.2202 1 8.1156 4.9628 13.3598 4.466239248427365e-16 4.454637808735306e-16 4.415836047380827e-16 4.342991171765395e-16 4.2295162306876684e-16 4.069722683328487e-16 3.859589659394897e-16 3.597603688525194e-16 3.285562681282297e-16 2.929182544647534e-16 2.5384403582819564e-16 2.1273998845142047e-16 1.7134227305842512e-16 1.3163314839868945e-16 9.550433444351069e-17 6.458859267244832e-17 4.012594591303395e-17 2.2444777552265265e-17 1.1011621858506196e-17 4.6300272840649616e-18 1.6475155481420088e-18 5.0217791193177025e-19 1.3692533034146216e-19 3.4061074311559755e-20 7.077740789544664e-21 1.0816771742847614e-21 1.0989329969520767e-22 6.544659594732392e-24 1.9513060025484867e-25 2.3631353096577802e-27 8.777115512756281e-30 6.848539119026746e-33 2.089327157686836e-33 3.77065419950057e-33 6.804981709016972e-33 1.228109861312371e-32 2.2163965987655286e-32 3.999979185713848e-32 7.218849503313414e-32 1.3028014830079254e-31 -10.06348 7.03351 0.12312 12.27778 18.50888 -32.93744 0.38114 0
373 10.6092 2 19.5828 22.3326 19.3441 2.4696811423096867e-11 2.058279733182404e-11 1.665829771023021e-11 1.3021135768428442e-11 9.764438838098905e-12 6.966734580379429e-12 4.680731684378965e-12 2.9232064177142578e-12 1.6691502184039408e-12 8.530682728441403e-13 3.7965978503685394e-13 1.419969532082137e-13 4.2633226091707116e-14 9.812086785364632e-15 1.631680286244693e-15 1.8519332573430033e-16 1.397409780564502e-17 6.210098411533243e-19 1.3335215895453103e-20 1.0699428529550323e-22 2.311157037023423e-25 8.77497091827921e-29 3.293080965781306e-33 5.698065509169116e-39 1.6273304483235902e-46 1.8726541971348595e-56 8.711789647361506e-66 -2.475109701775442e-74 1.6376293886353192e-82 -7.6903754167024e-92 5.924320253442783e-100 1.5205913606206932e-107 -1.451502204501289e-109 -2.619557623061094e-109 -4.72757266179641e-109 -8.531953287001061e-109 -1.5397801810603406e-108 -2.7788748088886728e-108 -5.015095854889091e-108 -9.050852652043077e-108 -4.07263 -4.15482 -0.01802 5.81798 5.95543 -43.14556 -0.17335 0
374 0.0383 2 13.1479 26.1784 58.7436 3.788227212057833e-13 2.868368756164613e-13 2.0876677979807925e-13 1.452472952587412e-13 9.595548944609342e-14 5.967768226173801e-14 3.452800052734571e-14 1.8264793732063956e-14 8.609389210508416e-15 3.4821030759952227e-15 1.1456488179929965e-15 2.8468663111351145e-16 4.81125894738387e-17 4.949426214681831e-18 2.5516943181758187e-19 4.7926415132606574e-21 2.8985406711453364e-23 3.891652809269158e-26 4.153187705492256e-30 1.7703683627250576e-35 2.7257961868372944e-42 2.909968709475854e-51 6.272492052528403e-64 4.079663761018025e-76 -1.6788408793294429e-84 -2.1475330668215842e-92 4.804130631709298e-100 -1.5765800926220634e-108 1.0782764007250683e-116 -5.0165730588375037e-126 3.8705338106556906e-134 9.94335274143248e-142 -9.491815625706986e-144 -1.7130086266423622e-143 -3.091503955264194e-143 -5.579304480297593e-143 -1.0069092239349397e-142 -1.817190993654436e-142 -3.279524140730461e-142 -5.918628601611447e-142 -9.37696 3.72366 0.83183 10.08925 15.42845 -37.49237 3.09063 0
375 1.8000 1 0.6110 2.1853 3.0005 1.3734697562600728e-14 1.3812657071714756e-14 1.382317902675011e-14 1.3744748621727546e-14 1.3555432701001817e-14 1.3234559845329734e-14 1.2764855087421004e-14 1.2134924894086171e-14 1.1341844294713298e-14 1.0393424231470098e-14 9.309995285209347e-15 8.124932224719407e-15 6.883532796303145e-15 5.641845597838765e-15 4.457579734088648e-15 3.3856641183664587e-15 2.474600212292988e-15 1.7491691030028157e-15 1.2096103695721233e-15 8.348807751584101e-16 5.846792883485859e-16 4.145668927190088e-16 2.9118411116096426e-16 1.9709397928066773e-16 1.2580980422571212e-16 7.454415948126848e-17 4.036948592039587e-17 1.9616457364832895e-17 8.35829474337353e-18 3.0332964043050235e-18 9.03432894144193e-19 2.105193716485192e-19 2.4370494900096824e-19 4.398196261455521e-19 7.937520527826678e-19 1.4325016071206323e-18 2.585266831385503e-18 4.665687323657716e-18 8.420267470214701e-18 1.5196239986003252e-17 0.94956 0.87004 -0.65165 1.28788 9.44055 5.78661 -3.95810 0
376 0.0075 2 3.9632 31.7017 70.6907 3.861816862746746e-18 3.952777648067394e-18 4.036936639357699e-18 4.108520131103669e-18 4.160813164784021e-18 4.1863274387047915e-18 4.177099450139157e-18 4.125143443118617e-18 4.023066662050912e-18 3.864824064700712e-18 3.646659466391375e-18 3.3680914071734663e-18 3.0328465380512656e-18 2.6501820570627434e-18 2.2339821052805253e-18 1.8030017174684185e-18 1.3813630152143217e-18 9.927512515382949e-19 6.582071680637575e-19 3.9449869243302753e-19 2.0808627966946109e-19 9.303181883768817e-20 3.344551029138043e-20 9.048483641872553e-21 1.6817953420471107e-21 1.9079169056933566e-22 1.1218504656281772e-23 3.097440753733078e-25 4.997578358287075e-27 1.059365697485513e-29 3.4051888552213585e-32 2.1940867996325866e-35 6.398170075495521e-36 1.1546916803108985e-35 2.083897209431323e-35 3.7608546536911143e-35 6.787296255389599e-35 1.224918129000613e-34 2.2106364099886223e-34 3.989583647647148e-34 10.56166 2.51385 -1.48348 10.85670 15.33147 43.79934 -5.55266 0
377 6.6258 3 14.6031 10.1307 20.2604 5.090242856353772e-12 4.301778993044791e-12 3.5383356575465977e-12 2.818647324570151e-12 2.161324578081937e-12 1.5832426573614595e-12 1.0975376010862463e-12 7.115010428997723e-13 4.248821450059538e-13 2.292215634905828e-13 1.089264266795091e-13 4.408524312956337e-14 1.4516697331741118e-14 3.694634506479953e-15 6.736173231014488e-16 7.977806497190455e-17 5.965786336697831e-18 2.626023744566355e-19 5.9977340508093236e-21 5.843605430488152e-23 1.6969299417943529e-25 9.582414450488323e-29 6.10578682173947e-33 2.1397583946399812e-38 1.5664112310245312e-45 6.172813191239603e-55 1.0359803796778661e-64 -2.878926474294761e-73 1.8940633429571156e-81 -8.909241197771925e-91 6.861427817059524e-99 1.7608431232681547e-106 -1.6808303243596334e-108 -3.0334310727149983e-108 -5.47449908509866e-108 -9.879947661353001e-108 -1.783055659955692e-107 -3.2179193609864164e-107 -5.807449114666774e-107 -1.0480829826980328e-106 -2.26597 5.06215 -0.06306 5.54616 13.75029 -9.48539 -0.26278 0
378 0.2358 2 8.6261 29.2047 40.5655 3.745470614022315e-16 3.038800163108637e-16 2.3909364888808644e-16 1.815569222756674e-16 1.3227721686603589e-16 9.179450909461052e-17 6.011523858274137e-17 3.670690224043054e-17 2.056420052227734e-17 1.0339301605003041e-17 4.525329810206845e-18 1.6519923014193178e-18 4.728160477499761e-19 9.904704677632948e-20 1.3490050690216674e-20 9.816627875104043e-22 3.495976089451429e-23 4.852278628412402e-25 1.3977648880569002e-27 5.464907725473284e-31 2.4963004918907944e-35 5.373336482118984e-41 5.85254634594939e-49 1.4125100975376524e-59 1.1368717711583415e-73 3.691256663117855e-82 -8.605922159338745e-90 2.821791201758669e-98 -1.9295932424605995e-106 8.977656602748327e-116 -6.926651579004726e-124 -1.7794401412471192e-131 1.6986338499540233e-133 3.065561482881458e-133 5.532485535703156e-133 9.984597070939984e-133 1.8019419666924154e-132 3.2520038898491566e-132 5.86896220581741e-132 1.0591843841524707e-131 -7.66329 -2.81282 0.36637 8.16320 9.55009 -53.41964 2.19855 0
379 0.2955 2 18.8855 33.0737 40.5655 1.2430635236869e-11 9.659898574007017e-12 7.238297940411652e-12 5.201519807338878e-12 3.5613932120845504e-12 2.304432083901235e-12 1.3941515322974253e-12 7.770326843469028e-13 3.9067221908546865e-13 1.7187772050938077e-13 6.337271487918835e-14 1.8423443206656986e-14 3.869138918022278e-15 5.344614594920741e-16 4.120955199332262e-17 1.3523854836145809e-18 1.7008084158338297e-20 6.007627826415407e-23 2.4847567887843425e-26 6.7424256108817405e-31 1.0815788634073389e-36 2.707544813252066e-44 4.979869903404426e-55 -7.071966604589071e-69 -1.8438639690568943e-77 -2.2807983847294775e-85 5.139540297402998e-93 -1.68627677539091e-101 1.1532512977950295e-109 -5.365450911566401e-119 4.1397019680899544e-127 1.0634830038526987e-134 -1.0151891939150858e-136 -1.8321340357062814e-136 -3.30649217398404e-136 -5.9672983982327e-136 -1.0769313308443439e-135 -1.9435614141529365e-135 -3.507587589287207e-135 -6.330219671439478e-135 8.32207 -9.86220 0.04204 12.90426 8.43293 99.29604 0.28565 0
380 0.0518 2 17.1686 83.4723 56.0867 4.472580470668438e-16 3.328188586739832e-16 2.3761063726727673e-16 1.6185451207741898e-16 1.0448167792368069e-16 6.334165524684528e-17 3.5595556741654293e-17 1.8178945978516544e-17 8.18962498282544e-18 3.115444475508286e-18 9.416281743356707e-19 2.0798064460465094e-19 2.986436827054164e-20 2.4643374966344343e-21 9.413918113359421e-23 1.1696762909159532e-24 4.112603507474176e-27 2.6939404035980926e-30 1.0572964692586866e-34 1.153138654894518e-40 3.145231677856069e-48 3.2247928277674635e-58 -9.061766999405946e-72 4.7666422253714044e-80 -2.3860596486418224e-89 -2.60042289770358e-97 6.162393040793938e-105 -2.019850291637099e-113 1.3811098014177834e-121 -6.425904225595741e-131 4.957847104506899e-139 1.2736565189738424e-146 -1.2158183372982871e-148 -2.194213817829833e-148 -3.9599454381104545e-148 -7.146599727605908e-148 -1.289762408721148e-147 -2.3276622930544926e-147 -4.200782806098294e-147 -7.581244167878928e-147 -4.31161 -7.38802 -1.23123 8.55411 4.61979 -75.53834 -15.45684 0
