skymodel/snr/OUTPUT_FILES_1/ctadc_skymodel_gps_sources_pevatron_0.ecsv
# %ECSV 0.9
# ---
# datatype:
# - name: Num_SNR
#   unit: ''
#   datatype: float64
#   format: '%i'
#   description: Simulation number
# - name: n0
#   unit: 1 / cm3
#   datatype: float64
#   format: '%0.4f'
#   description: density
# - name: type
#   unit: ''
#   datatype: float64
#   format: '%i'
#   description: type of progenitor
# - name: agekyr
#   unit: kyear
#   datatype: float64
#   format: '%0.4f'
#   description: age of the SNR
# - name: sigma
#   unit: arcmin
#   datatype: float64
#   format: '%0.4f'
#   description: apparent size of the SNR
# - name: SNR_radiuspc
#   unit: pc
#   datatype: float64
#   format: '%0.4f'
#   description: SNR Radius
# - name: '0.1'
#   unit: TeV / (cm2 s)
#   datatype: float64
#   description: Differential spectrum
# - name: '0.13433993325989002'
#   unit: TeV / (cm2 s)
#   datatype: float64
#   description: Differential spectrum
# - name: '0.18047217668271703'
#   datatype: float64
# - name: '0.24244620170823283'
#   datatype: float64
# - name: '0.3257020655659783'
#   datatype: float64
# - name: '0.43754793750741844'
#   datatype: float64
# - name: '0.5878016072274912'
#   datatype: float64
# - name: '0.7896522868499725'
#   datatype: float64
# - name: '1.0608183551394483'
#   datatype: float64
# - name: '1.4251026703029979'
#   datatype: float64
# - name: '1.9144819761699576'
#   datatype: float64
# - name: '2.5719138090593443'
#   datatype: float64
# - name: '3.455107294592218'
#   datatype: float64
# - name: '4.6415888336127775'
#   datatype: float64
# - name: '6.235507341273912'
#   datatype: float64
# - name: '8.376776400682916'
#   datatype: float64
# - name: '11.253355826007645'
#   datatype: float64
# - name: '15.117750706156615'
#   datatype: float64
# - name: '20.309176209047347'
#   datatype: float64
# - name: '27.283333764867667'
#   datatype: float64
# - name: '36.65241237079626'
#   datatype: float64
# - name: '49.238826317067364'
#   datatype: float64
# - name: '66.14740641230146'
#   datatype: float64
# - name: '88.86238162743399'
#   datatype: float64
# - name: '119.37766417144357'
#   datatype: float64
# - name: '160.37187437513293'
#   datatype: float64
# - name: '215.44346900318823'
#   datatype: float64
# - name: '289.4266124716749'
#   datatype: float64
# - name: '388.81551803080856'
#   datatype: float64
# - name: '522.3345074266838'
#   datatype: float64
# - name: '701.7038286703822'
#   datatype: float64
# - name: '942.6684551178845'
#   datatype: float64
# - name: '1266.380173467402'
#   datatype: float64
# - name: '1701.2542798525858'
#   datatype: float64
# - name: '2285.4638641349884'
#   datatype: float64
# - name: '3070.2906297578497'
#   datatype: float64
# - name: '4124.626382901348'
#   datatype: float64
# - name: '5541.020330009481'
#   datatype: float64
# - name: '7443.803013251681'
#   datatype: float64
# - name: '10000.0'
#   datatype: float64
# - name: galactocentric_x
#   unit: kpc
#   datatype: float64
#   format: '%0.5f'
#   description: Galactocentric X
# - name: galactocentric_y
#   unit: kpc
#   datatype: float64
#   format: '%0.5f'
#   description: Galactocentric Y
# - name: galactocentric_z
#   unit: kpc
#   datatype: float64
#   format: '%0.5f'
#   description: Galactocentric Y
# - name: galactocentric_r
#   unit: kpc
#   datatype: float64
#   format: '%0.5f'
[...]
#   - 1.0608183551394483
#   - 1.4251026703029979
#   - 1.9144819761699576
#   - 2.5719138090593443
#   - 3.455107294592218
#   - 4.6415888336127775
#   - 6.235507341273912
#   - 8.376776400682916
#   - 11.253355826007645
#   - 15.117750706156615
#   - 20.309176209047347
#   - 27.283333764867667
#   - 36.65241237079626
#   - 49.238826317067364
#   - 66.14740641230146
#   - 88.86238162743399
#   - 119.37766417144357
#   - 160.37187437513293
#   - 215.44346900318823
#   - 289.4266124716749
#   - 388.81551803080856
#   - 522.3345074266838
#   - 701.7038286703822
#   - 942.6684551178845
#   - 1266.380173467402
#   - 1701.2542798525858
#   - 2285.4638641349884
#   - 3070.2906297578497
#   - 4124.626382901348
#   - 5541.020330009481
#   - 7443.803013251681
#   - 10000.0
# schema: astropy-2.0
Num_SNR n0 type agekyr sigma SNR_radiuspc 0.1 0.13433993325989002 0.18047217668271703 0.24244620170823283 0.3257020655659783 0.43754793750741844 0.5878016072274912 0.7896522868499725 1.0608183551394483 1.4251026703029979 1.9144819761699576 2.5719138090593443 3.455107294592218 4.6415888336127775 6.235507341273912 8.376776400682916 11.253355826007645 15.117750706156615 20.309176209047347 27.283333764867667 36.65241237079626 49.238826317067364 66.14740641230146 88.86238162743399 119.37766417144357 160.37187437513293 215.44346900318823 289.4266124716749 388.81551803080856 522.3345074266838 701.7038286703822 942.6684551178845 1266.380173467402 1701.2542798525858 2285.4638641349884 3070.2906297578497 4124.626382901348 5541.020330009481 7443.803013251681 10000.0 galactocentric_x galactocentric_y galactocentric_z galactocentric_r distance glon glat skip
[from data line 399]
398 0.0335 3 11.6489 33.5133 56.0867 1.0889350183978524e-16 9.340119085032725e-17 7.826179061243427e-17 6.383238855947865e-17 5.0458010640317385e-17 3.844668601842843e-17 2.804447058427281e-17 1.941230467486372e-17 1.2606685633143185e-17 7.56661711362911e-18 4.114567377056009e-18 1.9730868839769486e-18 8.034829339634322e-19 2.6578165790024613e-19 6.65093115867536e-20 1.1254899540380853e-20 1.1922361684964348e-21 6.805053443080736e-23 1.4897883075718355e-24 9.522476650637549e-27 1.4201097535471071e-29 2.8785301896628936e-33 2.451588358225355e-38 4.539410186814201e-45 7.374681824054459e-54 4.071073860325637e-65 -2.438402712194433e-77 8.338439205411484e-86 -5.748488998825703e-94 2.6685693788344477e-103 -2.059687508743581e-111 -5.29242700433042e-119 5.0521237571395875e-121 9.117677713214463e-121 1.6454871431953148e-120 2.9696464643588476e-120 5.359385614009748e-120 9.672199874423774e-120 1.7455629646475638e-119 3.1502554776668316e-119 -9.00628 -1.44765 -1.24625 9.12189 11.50660 -51.93737 -6.21774 0
399 11.4142 3 11.5402 8.9014 18.4692 2.041876647492306e-12 1.7078283028966442e-12 1.3878897136006994e-12 1.0900047892918068e-12 8.218675473633525e-13 5.901282619818352e-13 3.994656613906148e-13 2.517153318833019e-13 1.4531324332144715e-13 7.530556538803464e-14 3.413711142189816e-14 1.3099567696904603e-14 4.085139761499506e-15 9.9553672451642e-16 1.8072942338435438e-16 2.3341352608167274e-17 2.060337052123349e-18 1.0942358041030002e-19 2.9021561382293055e-21 3.040924015246208e-23 9.327348289479451e-26 5.637250581535923e-29 3.9312141210971033e-33 1.5537682599802433e-38 1.3353691426466947e-45 6.51504804842989e-55 8.494059580418643e-65 -2.296069887275154e-73 1.499844992229134e-81 -7.069520155416184e-91 5.442722443398198e-99 1.3964874266980903e-106 -1.3330233558844178e-108 -2.4057362660536064e-108 -4.341684604592473e-108 -7.835532710606466e-108 -1.4140956437517758e-107 -2.5520491886543048e-107 -4.6057387207780516e-107 -8.312076921706894e-107 0.68474 5.74923 0.00300 5.78986 14.26567 2.75121 0.01206 0
400 4.3073 1 18.6100 9.8286 10.3293 3.8286123212356866e-14 3.572179031115615e-14 3.288493957012612e-14 2.9802524957115814e-14 2.651935739942087e-14 2.3099013010416888e-14 1.9623375334183877e-14 1.6190269944994957e-14 1.2908352966508634e-14 9.888258105508575e-15 7.230793051529032e-15 5.0123625459856616e-15 3.270981153241808e-15 1.9997479714660544e-15 1.1411974200584e-15 6.070277123125958e-16 3.0093561580489457e-16 1.3716638691840619e-16 5.581893801665477e-17 1.9462679641510563e-17 5.539321244322745e-18 1.2187416391094206e-18 1.938831234097034e-19 2.0444441928898286e-20 1.273735040311887e-21 4.022970008723274e-23 5.248093571068186e-25 2.147069244604441e-27 1.9038998802865418e-30 2.2224207481338884e-34 1.732775318321472e-39 3.6153416040396525e-46 1.5968769151039352e-47 2.881918527631889e-47 5.201061097039791e-47 9.386468172425729e-47 1.6939963424407129e-46 3.0571920721283616e-46 5.517381077941524e-46 9.957337727241447e-46 1.77106 -1.49576 -0.12312 2.31818 7.22573 14.19013 -0.97634 0
401 0.3131 2 3.9740 23.6350 36.9790 1.2743747785976576e-11 1.0975533428662843e-11 9.238867288778531e-12 7.574643697619675e-12 6.0229721868512006e-12 4.620333925419368e-12 3.39669312612314e-12 2.3727678868567744e-12 1.5576615988337468e-12 9.471042077990965e-13 5.231869941611502e-13 2.5581924452023463e-13 1.067686934977974e-13 3.6436708898671334e-14 9.495741628340562e-15 1.6978759159656084e-15 1.9301690710052734e-16 1.20659660600298e-17 3.0050304347509433e-19 2.2907551079242888e-21 4.264665150572608e-24 1.1526997099283428e-27 1.4920043584615002e-32 4.8251996405637444e-39 1.1446548148136358e-47 6.602462273775249e-59 -3.4195525396093547e-71 1.170166076223932e-79 -8.068155232221851e-88 3.745264536483799e-97 -2.8907335731314034e-105 -7.427851037511415e-113 7.090589368717564e-115 1.279654097335789e-114 2.3094196034714775e-114 4.167859827122356e-114 7.521827351092227e-114 1.3574805546832073e-113 2.4498747050814094e-113 4.421342206259723e-113 10.64860 -6.97479 -0.03604 12.72951 10.75734 81.84893 -0.19194 0
402 0.1119 2 8.6676 29.1333 46.6077 1.8946590563746415e-16 1.528817786313542e-16 1.1954404462252227e-16 9.01387803406114e-17 6.514870533402675e-17 4.480046169925291e-17 2.903593894565207e-17 1.7518384873089438e-17 9.677052882990598e-18 4.783333664573908e-18 2.0494922202144966e-18 7.278563690989626e-19 2.0080606762766045e-19 4.006118692103625e-20 5.1059362111761245e-21 3.3850834695481736e-22 1.0678183124147235e-23 1.2645306957730307e-25 2.9027120685153785e-28 8.297274335848697e-32 2.5636877962926427e-36 3.295514014970331e-42 1.6976203625428836e-50 1.485262567744099e-61 -1.8186873617444265e-75 -1.6728721402466727e-83 3.806496464922633e-91 -1.24840849890286e-99 8.53724355262243e-108 -3.972001158887948e-117 3.064577741318133e-125 7.872836186435006e-133 -7.51532249166827e-135 -1.3563066085439505e-134 -2.44775605893081e-134 -4.417518639435532e-134 -7.972392043954034e-134 -1.4387949455403573e-133 -2.5966245562176005e-133 -4.686184856883854e-133 -10.56945 -5.46903 -0.29730 11.90057 10.99947 -73.99884 -1.54880 0
403 1.0130 2 7.4776 16.5751 30.7294 4.600377456392132e-12 3.8527672747617554e-12 3.1425104848998716e-12 2.4860782580644048e-12 1.8979688888843433e-12 1.3895029810325696e-12 9.677347127304831e-13 6.346280521738221e-13 3.8666141767943704e-13 2.1500419083142166e-13 1.0652590548308794e-13 4.5504225334927866e-14 1.599156566867733e-14 4.3813773209888576e-15 8.558046290028525e-16 1.030623335923301e-16 7.049271924960629e-18 2.2874268112937493e-19 2.232627274816836e-21 4.7045375828759376e-24 1.7506569165614304e-27 5.856534923330834e-32 3.5551297155912913e-38 1.9322365613216686e-46 2.0885274131117358e-57 -1.2316431012937658e-71 9.361782876433905e-79 -3.039567527643123e-87 2.0743664250077513e-95 -9.656569344127175e-105 7.449774836082689e-113 1.913727591845613e-120 -1.8268203470757825e-122 -3.2969024444504244e-122 -5.949991604605397e-122 -1.0738079361270307e-121 -1.9379245557202078e-121 -3.4974146281771256e-121 -6.311860307091025e-121 -1.1391151685379623e-120 2.08247 4.03153 -1.05105 4.53761 12.74679 9.43508 -4.72976 0
404 1.0305 3 19.2799 19.1453 30.7294 2.4565967165272225e-12 2.0265819913476427e-12 1.6249738630079948e-12 1.2607837139624359e-12 9.41389379884317e-13 6.718511667357301e-13 4.5436295279403757e-13 2.8795128912094663e-13 1.6852199673494547e-13 8.929847845694978e-14 4.17082416402231e-14 1.6542448949290143e-14 5.281117309694283e-15 1.2773750462229592e-15 2.1126268861200021e-16 2.018098779044954e-17 1.0232166783303185e-18 2.251402287849654e-20 1.256643086390266e-22 1.224544584199804e-25 1.744651642975958e-29 1.6701273837438881e-34 1.7228579660148694e-41 2.027040807315668e-50 2.1799669631151787e-62 1.5964350762785473e-74 -3.5713472335907754e-82 1.1707903928858474e-90 -8.005870240664824e-99 3.724850090599081e-108 -2.87388005271308e-116 -7.382923771869325e-124 7.047657121812182e-126 1.2719060212868945e-125 2.2954364819750052e-125 4.142624183389484e-125 7.476284035547617e-125 1.3492612533935236e-124 2.4350411531358067e-124 4.394571772184132e-124 -7.74381 -0.63798 -0.08408 7.77004 11.03562 -44.56601 -0.43656 0
405 0.6180 1 9.3732 6.6009 11.5424 2.7040939312512937e-15 2.6508743920380872e-15 2.577015270596247e-15 2.479536694391065e-15 2.3561952687222776e-15 2.2058930863204067e-15 2.029086888936134e-15 1.8281390324789583e-15 1.6075307996301502e-15 1.373843464851039e-15 1.1355021341799476e-15 9.021888718114045e-16 6.839574417437873e-16 4.904405653808952e-16 3.288625074012674e-16 2.033463604899027e-16 1.14520063683587e-16 5.800260699713101e-17 2.622807031059978e-17 1.0723524713365375e-17 4.050501083408648e-18 1.4067087201291087e-18 4.2626814675635516e-19 1.0432049119024242e-19 1.908164967845086e-20 2.4051568903459445e-21 1.8846100306035542e-22 8.011937233556052e-24 1.5410794285330416e-25 1.0512097031769108e-27 1.8316479488444032e-30 5.238899503894362e-34 1.2613956599879835e-34 2.276468204161634e-34 4.108391719540467e-34 7.4145039629072035e-34 1.3381116692084916e-33 2.414919255865998e-33 4.358257346191447e-33 7.86544189810614e-33 4.31223 2.65810 1.20120 5.06566 12.02254 21.12985 5.73413 0
406 0.9992 2 0.6619 43.1770 29.3395 1.4515071003165726e-10 1.2714980970298222e-10 1.0908135221197869e-10 9.136040503416932e-11 7.442068708661132e-11 5.868601189888861e-11 4.453930295168832e-11 3.229132332083128e-11 2.2150633077071816e-11 1.4196026026282386e-11 8.359646285267521e-12 4.423006196994906e-12 2.038513859041554e-12 7.885571811809726e-13 2.4167148377132104e-13 5.373187821114623e-14 8.074000127846881e-15 7.227433398586214e-16 2.98085815470483e-17 4.511792783103369e-19 2.0026468363611637e-21 1.674145708170253e-24 1.1029602688965806e-28 3.1135385331910206e-34 1.3027588664046272e-41 2.783730511741869e-51 1.426764850643843e-64 -4.612439615183223e-75 2.9059273680260664e-83 -1.3841285840382298e-92 1.0637874767365228e-100 2.726736720870429e-108 -2.6027434569520403e-110 -4.697227770228335e-110 -8.477189200676146e-110 -1.5298967871972495e-109 -2.761038032853825e-109 -4.982905436928961e-109 -8.992757904067163e-109 -1.6229425933277128e-108 -2.48748 -4.61714 -0.75075 5.24457 4.67202 -32.64489 -9.24699 0
407 1.5170 2 5.4541 19.5573 28.0125 1.0410371063139323e-10 8.893240698543261e-11 7.417935102547592e-11 6.019259783103328e-11 4.730347120132608e-11 3.580213031568473e-11 2.5913438948012906e-11 1.7775094940834813e-11 1.1420196144492786e-11 6.766893439808154e-12 3.622594652749813e-12 1.70385838091078e-12 6.77048412051665e-13 2.170900513926373e-13 5.216046387878534e-14 8.351485673406629e-15 8.24027026161331e-16 4.292086778782917e-17 8.249843022942597e-19 4.412835550052605e-21 5.2613576869612774e-24 7.977877431952469e-28 4.449093150653185e-33 4.684703136789042e-40 2.5226135237100634e-49 2.3059884120901317e-61 -1.6178510423127017e-72 5.57404120152385e-81 -3.848269620044569e-89 1.7857419194267993e-98 -1.3783841105682118e-106 -3.541932828668545e-114 3.3811146984986953e-116 6.101971292519869e-116 1.101236041216515e-115 1.9874246539980317e-115 3.586748532999198e-115 6.473083149639061e-115 1.1682114058635811e-114 2.108296552417779e-114 4.78335 0.10467 0.24925 4.78449 9.84799 29.06974 1.45029 0
408 0.0049 2 4.4114 84.1484 74.0394 9.656458414104791e-18 8.743424633869545e-18 7.781890784143109e-18 6.790233826811458e-18 5.790917252776128e-18 4.80936395863405e-18 3.872367959361809e-18 3.0061721834799824e-18 2.2343410445103577e-18 1.5755047604029318e-18 1.0413757055086365e-18 6.349320815842011e-19 3.4931963332939196e-19 1.6876595362214618e-19 6.874881946577417e-20 2.2250126747212334e-20 5.402945705187327e-21 8.969588791570811e-22 8.643721325707691e-23 4.0952002138326435e-24 7.870138499641946e-26 4.467756800560956e-28 4.363639290607637e-31 4.469642232697161e-35 2.224311869907228e-40 2.2256154343948506e-47 6.956406829760748e-57 1.8645822883772427e-69 -3.0490726822855592e-80 1.400562171820707e-89 -1.0826899617759374e-97 -2.7846047275135512e-105 2.65824255125995e-107 4.797388193765013e-107 8.657950897207418e-107 1.5625192440311088e-106 2.8199124907892707e-106 5.08915745267521e-106 9.184513229653682e-106 1.657549094326815e-105 -4.86757 -11.82949 1.34835 12.79180 6.04953 -124.37273 12.87853 0
409 0.0813 3 18.7450 19.1236 48.8156 6.96415668123855e-17 5.495142921621445e-17 4.189208303442392e-17 3.069311357606337e-17 2.1475515955992945e-17 1.4236694222263425e-17 8.851410220747718e-18 5.091062481422499e-18 2.6579734400558148e-18 1.2261064270876527e-18 4.810697527336295e-19 1.521171698276261e-19 3.586047326525936e-20 5.792727464588364e-21 5.533550455938993e-22 2.4487361742701485e-23 4.555850270082819e-25 2.6965470773977384e-27 2.3095531335257886e-30 1.700253470495931e-34 9.594896827986601e-40 1.2914886256051939e-46 2.6208621696478837e-56 6.905637349054272e-69 -1.543416403089452e-79 -1.8188667002405283e-87 4.170148098081189e-95 -1.367720203692446e-103 9.353216046242104e-112 -4.35162944327059e-121 3.3574790324936865e-129 8.625294926227483e-137 -8.233611335961885e-139 -1.4859377597605324e-138 -2.6817042191902406e-138 -4.839729976564897e-138 -8.734366034272602e-138 -1.5763100501487646e-137 -2.8448010587719095e-137 -5.134074393058655e-137 9.27889 6.39117 0.42643 11.26698 17.55069 31.92758 1.39224 0
410 0.1312 3 5.4263 35.1294 42.4871 5.295888351194988e-12 4.647325222203959e-12 3.994791300975838e-12 3.353208674275856e-12 2.7382781021568016e-12 2.1654535481087697e-12 1.6488202084357637e-12 1.199954614356577e-12 8.268213393064503e-13 5.327479018708945e-13 3.157690991415865e-13 1.6841510521767532e-13 7.840477818915102e-14 3.071565547695835e-14 9.568179334275861e-15 2.174068692602325e-15 3.35893830512461e-16 3.116217816695298e-17 1.350873812462787e-18 2.1872615396427898e-20 1.0579241443593957e-22 9.890321541776384e-26 7.644295212766506e-30 2.6691029808994585e-35 1.4808740131931942e-42 4.528706782466058e-52 3.875371481687602e-65 -9.960046287428024e-76 6.527637211992871e-84 -3.073731812159982e-93 2.366804309621591e-101 6.073289097811012e-109 -5.797301277920582e-111 -1.0462515805118225e-110 -1.8881930009270193e-110 -3.407663008743714e-110 -6.149883605891534e-110 -1.1098828807005997e-109 -2.0030297934292193e-109 -3.6149114678050505e-109 -4.72845 -15.34002 -0.06306 16.05224 8.31553 -145.34420 -0.43452 0
411 0.1804 1 10.3012 5.2630 15.3099 3.1102314121300094e-16 3.096095729283098e-16 3.0623221221679696e-16 3.0042342986495523e-16 2.9174077201987957e-16 2.7981290887321847e-16 2.643937655744711e-16 2.4542049961212184e-16 2.2306749675816255e-16 1.977847915012463e-16 1.7031626598056284e-16 1.4168017308026864e-16 1.1310616843539347e-16 8.596966736762641e-17 6.155238227329651e-17 4.092510756380529e-17 2.485859513610826e-17 1.3477155403902245e-17 6.3140814407331436e-18 2.4709916348008154e-18 7.828798725405673e-19 1.979499309630783e-19 4.1716658274481043e-20 7.879866299123874e-21 1.0884498240784984e-21 1.0740224602015225e-22 6.69343418834203e-24 2.1592956722476313e-25 2.9018329455726894e-27 1.2358812895818898e-29 1.1553037569893143e-32 1.444512550079102e-36 2.861466527229195e-37 5.1641509267378715e-37 9.319855584664557e-37 1.6819746237329925e-36 3.0354962147018646e-36 5.478226091793926e-36 9.886673871461056e-36 1.7842695537347256e-35 3.77455 11.14056 0.17718 11.76263 20.00076 10.87853 0.50756 0
