skymodel/snr/OUTPUT_FILES_1/ctadc_skymodel_gps_sources_pevatron_0.ecsv
# %ECSV 0.9
# ---
# datatype:
# - {name: Num_SNR, unit: '', datatype: float64, format: '%i', description: Simulation number}
# - {name: n0, unit: 1 / cm3, datatype: float64, format: '%0.4f', description: density}
# - {name: type, unit: '', datatype: float64, format: '%i', description: type of progenitor}
# - {name: agekyr, unit: kyear, datatype: float64, format: '%0.4f', description: age of the SNR}
# - {name: sigma, unit: arcmin, datatype: float64, format: '%0.4f', description: apparent size of the SNR}
# - {name: SNR_radiuspc, unit: pc, datatype: float64, format: '%0.4f', description: SNR Radius}
# - {name: '0.1', unit: TeV / (cm2 s), datatype: float64, description: Differential spectrum}
# - {name: '0.13433993325989002', unit: TeV / (cm2 s), datatype: float64, description: Differential spectrum}
# - {name: '0.18047217668271703', datatype: float64}
# - {name: '0.24244620170823283', datatype: float64}
# - {name: '0.3257020655659783', datatype: float64}
# - {name: '0.43754793750741844', datatype: float64}
# - {name: '0.5878016072274912', datatype: float64}
# - {name: '0.7896522868499725', datatype: float64}
# - {name: '1.0608183551394483', datatype: float64}
# - {name: '1.4251026703029979', datatype: float64}
# - {name: '1.9144819761699576', datatype: float64}
# - {name: '2.5719138090593443', datatype: float64}
# - {name: '3.455107294592218', datatype: float64}
# - {name: '4.6415888336127775', datatype: float64}
# - {name: '6.235507341273912', datatype: float64}
# - {name: '8.376776400682916', datatype: float64}
# - {name: '11.253355826007645', datatype: float64}
# - {name: '15.117750706156615', datatype: float64}
# - {name: '20.309176209047347', datatype: float64}
# - {name: '27.283333764867667', datatype: float64}
# - {name: '36.65241237079626', datatype: float64}
# - {name: '49.238826317067364', datatype: float64}
# - {name: '66.14740641230146', datatype: float64}
# - {name: '88.86238162743399', datatype: float64}
# - {name: '119.37766417144357', datatype: float64}
# - {name: '160.37187437513293', datatype: float64}
# - {name: '215.44346900318823', datatype: float64}
# - {name: '289.4266124716749', datatype: float64}
# - {name: '388.81551803080856', datatype: float64}
# - {name: '522.3345074266838', datatype: float64}
# - {name: '701.7038286703822', datatype: float64}
# - {name: '942.6684551178845', datatype: float64}
# - {name: '1266.380173467402', datatype: float64}
# - {name: '1701.2542798525858', datatype: float64}
# - {name: '2285.4638641349884', datatype: float64}
# - {name: '3070.2906297578497', datatype: float64}
# - {name: '4124.626382901348', datatype: float64}
# - {name: '5541.020330009481', datatype: float64}
# - {name: '7443.803013251681', datatype: float64}
# - {name: '10000.0', datatype: float64}
# - {name: galactocentric_x, unit: kpc, datatype: float64, format: '%0.5f', description: Galactocentric X}
# - {name: galactocentric_y, unit: kpc, datatype: float64, format: '%0.5f', description: Galactocentric Y}
# - {name: galactocentric_z, unit: kpc, datatype: float64, format: '%0.5f', description: Galactocentric Y}
# - {name: galactocentric_r, unit: kpc, datatype: float64, format: '%0.5f', description: Galactocentric radius in the xy plan}
# - {name: distance, unit: kpc, datatype: float64, format: '%.5f', description: Distance from Earth}
[...]
#     0.7896522868499725, 1.0608183551394483, 1.4251026703029979, 1.9144819761699576, 2.5719138090593443, 3.455107294592218, 4.6415888336127775,
#     6.235507341273912, 8.376776400682916, 11.253355826007645, 15.117750706156615, 20.309176209047347, 27.283333764867667, 36.65241237079626,
#     49.238826317067364, 66.14740641230146, 88.86238162743399, 119.37766417144357, 160.37187437513293, 215.44346900318823, 289.4266124716749,
#     388.81551803080856, 522.3345074266838, 701.7038286703822, 942.6684551178845, 1266.380173467402, 1701.2542798525858, 2285.4638641349884,
#     3070.2906297578497, 4124.626382901348, 5541.020330009481, 7443.803013251681, 10000.0]
# schema: astropy-2.0
Num_SNR n0 type agekyr sigma SNR_radiuspc 0.1 0.13433993325989002 0.18047217668271703 0.24244620170823283 0.3257020655659783 0.43754793750741844 0.5878016072274912 0.7896522868499725 1.0608183551394483 1.4251026703029979 1.9144819761699576 2.5719138090593443 3.455107294592218 4.6415888336127775 6.235507341273912 8.376776400682916 11.253355826007645 15.117750706156615 20.309176209047347 27.283333764867667 36.65241237079626 49.238826317067364 66.14740641230146 88.86238162743399 119.37766417144357 160.37187437513293 215.44346900318823 289.4266124716749 388.81551803080856 522.3345074266838 701.7038286703822 942.6684551178845 1266.380173467402 1701.2542798525858 2285.4638641349884 3070.2906297578497 4124.626382901348 5541.020330009481 7443.803013251681 10000.0 galactocentric_x galactocentric_y galactocentric_z galactocentric_r distance glon glat skip
[from data line 477]
476 0.3879 3 11.7772 34.1786 35.3065 4.2661941790408066e-11 3.5831337217269305e-11 2.932060290377755e-11 2.328137367170726e-11 1.7848754386374842e-11 1.3130307131099305e-11 9.19593712951022e-12 6.069953455608618e-12 3.726739737336816e-12 2.0913852726463756e-12 1.047877205035579e-12 4.539279640626159e-13 1.624172083272424e-13 4.554124241039204e-14 9.172627706773537e-15 1.1525688738732951e-15 8.327070430768941e-17 2.9004831859568584e-18 3.134451520133689e-20 7.59976612654083e-23 3.368549646058115e-26 1.414487991583193e-30 1.1995592731739866e-36 1.0202606966951839e-44 2.738390564742088e-55 8.827725108236008e-69 4.474656403647126e-77 -1.4472678015589727e-85 9.86939633327506e-94 -4.595362194578383e-103 3.545069146323528e-111 9.10652877126124e-119 -8.692972981154666e-121 -1.568839755753028e-120 -2.8313192558713156e-120 -5.10974348990788e-120 -9.221665299140161e-120 -1.6642540091753007e-119 -3.0035154358880556e-119 -5.420509684148582e-119 7.09471 -8.82534 -0.05706 11.32349 7.10240 92.62555 -0.46029 0
477 27.0579 1 33.6342 8.9857 9.0695 1.8226886638717932e-13 1.6262986108160954e-13 1.426498981210191e-13 1.226659051419209e-13 1.0307777108063425e-13 8.433729863052778e-14 6.692043411547946e-14 5.128092812977633e-14 3.778932772038054e-14 2.666867092374119e-14 1.7951401053985584e-14 1.1474245765082624e-14 6.921310513227419e-15 3.9022293608395125e-15 2.0226077818327818e-15 9.41760893359474e-16 3.8265556020664138e-16 1.3105288596090043e-16 3.62903433051439e-17 7.708742109675767e-18 1.1730510262936164e-18 1.168820269328142e-19 6.769582079514769e-21 1.9448058377910037e-22 2.241110842392765e-24 7.7852852586397e-27 5.549985749146503e-30 4.824824764677828e-34 2.5663112098118568e-39 3.2722045871509625e-46 2.670596197089155e-55 -5.564096963087998e-65 5.054476293390795e-67 9.121923386594264e-67 1.6462533691116517e-66 2.971029288948368e-66 5.361881227646159e-66 9.676703762674994e-66 1.7463757911637972e-65 3.1517224033733323e-65 1.32549 -1.68831 0.05105 2.14646 6.93965 11.01161 0.42150 0
478 0.1869 2 0.7524 11.7301 40.5655 8.298782344706266e-17 7.241270380270457e-17 6.18523503377159e-17 5.155144507302157e-17 4.176186275115078e-17 3.272579987258373e-17 2.4657780847305445e-17 1.7726758949436787e-17 1.2039223425926072e-17 7.624195037122088e-18 4.425076939284769e-18 2.299820413639754e-18 1.0364694317019758e-18 3.897696099064295e-19 1.1518242528319841e-19 2.439252082967065e-20 3.4440534072187e-21 2.8455941586292556e-22 1.0494085383516064e-23 1.364890093973158e-25 4.9957273360455635e-28 3.249406986596813e-31 1.49447539817294e-35 2.6146166226743716e-41 5.7998454962750824e-49 5.546044849292706e-59 7.816222007517298e-73 3.9736969830989915e-82 -2.8391854550548143e-90 1.305211241727582e-99 -1.0090529204255476e-107 -2.5952298093889547e-115 2.477460662535678e-117 4.471127184136192e-117 8.069140551463275e-117 1.45625535928136e-116 2.628135744953786e-116 4.743053785094629e-116 8.559892407192292e-116 1.5448224148958584e-115 0.15194 15.27653 -0.01201 15.27728 23.77701 0.36613 -0.02895 0
479 5.6120 3 27.4614 12.5141 22.2254 4.213111686630747e-15 3.5196907354429612e-15 2.8580844502397444e-15 2.2445449200034997e-15 1.6942295981739077e-15 1.2197457758683175e-15 8.295534172163156e-16 5.265225043643276e-16 3.07059967467632e-16 1.612188987074069e-16 7.41738604829425e-17 2.882222739487719e-17 8.978381900028044e-18 2.111181510936615e-18 3.394596744664966e-19 3.189495949099539e-20 1.6106969593597146e-21 3.66449948685323e-23 2.6507790525365263e-25 6.199847782315803e-28 4.156579160078024e-31 4.0195802614208183e-35 2.515723814060154e-40 4.0095014722820173e-47 4.756844665271934e-56 1.264387370248251e-66 -2.4445943361331364e-74 8.369880661175364e-83 -5.772157957024326e-91 2.679297291649489e-100 -2.06800095750574e-108 -5.313837983023528e-116 5.072563935094209e-118 9.154566547286987e-118 1.652144551375671e-117 2.98166123381259e-117 5.381068929966326e-117 9.7113322267076e-117 1.7526252654429408e-116 3.1630009656361293e-116 -6.32740 1.94387 0.02703 6.61926 12.21111 -31.20951 0.12681 0
480 0.0447 2 20.3926 115.4962 58.7436 3.6195453803631267e-16 2.6014052069252504e-16 1.787953835192848e-16 1.168716252867782e-16 7.213182955626419e-17 4.158689697953183e-17 2.2020615906688885e-17 1.0426382884724164e-17 4.240813451715074e-18 1.3995417640608445e-18 3.4693788058224266e-19 5.82501094405543e-20 5.741000465219696e-21 2.8550682486766442e-22 5.495949447462903e-24 2.6670527713863923e-26 2.7304295753805855e-29 3.48833925733618e-33 1.4120695998229676e-38 7.011320414901807e-46 3.7751359734268955e-55 1.8474087914524837e-67 -2.4561189022604506e-78 1.1073729291134198e-86 -5.3446182763293855e-96 -5.863735225095741e-104 1.3865257781725983e-111 -4.544849733932723e-120 3.107655406163698e-128 -1.4458981749094177e-137 1.1155699028956464e-145 2.865867427167231e-153 -2.735725169914234e-155 -4.937222762201167e-155 -8.91031338661903e-155 -1.6080636518082918e-154 -2.9021074748620053e-154 -5.237496529555287e-154 -9.452223990570206e-154 -1.7058634380708062e-153 2.21924 -11.13433 0.60360 11.35334 3.49701 139.88821 9.93935 0
481 1.5768 1 46.5679 13.5225 18.2345 7.991388625141196e-15 7.347068781279535e-15 6.647594929213117e-15 5.902996970361676e-15 5.12762126613877e-15 4.339979263964153e-15 3.562145900681493e-15 2.8186087103322577e-15 2.134450810057655e-15 1.5327749914346954e-15 1.0317176176400253e-15 6.41290476996031e-16 3.6099763171884595e-16 1.798145463307991e-16 7.68274690566178e-17 2.7243570916444142e-17 8.12196478799587e-18 2.1393655335030315e-18 4.1556411878215223e-19 4.83073189916467e-20 3.0900204943931044e-21 1.1327708084980955e-22 2.339924407005595e-24 1.9996441532462817e-26 4.763423204052891e-29 2.0598557872456082e-32 9.212081502907854e-37 1.98422331380817e-42 7.692888575754474e-50 1.388004692219155e-59 -1.640366649384532e-69 -4.173054994617374e-77 3.910654956925054e-79 7.057644123313202e-79 1.273708397186322e-78 2.2986892689927075e-78 4.148494558923166e-78 7.486878430052705e-78 1.3511732468304971e-77 2.4384917693095446e-77 -0.84503 0.72920 -0.25526 1.11616 9.27132 -5.23145 -1.57765 0
482 4.3149 1 16.4071 4.3506 9.8168 8.485041480943187e-15 7.942617340611707e-15 7.33860369535463e-15 6.678073251261711e-15 5.970039332620147e-15 5.2277053954589916e-15 4.4684175543744244e-15 3.713208173283696e-15 2.9857571048446192e-15 2.310556626308072e-15 1.7104371653387743e-15 1.2034399106383337e-15 7.996915943786329e-16 4.997498139934898e-16 2.928546139335118e-16 1.6081441919208977e-16 8.280745541856983e-17 3.950968935811476e-17 1.7003317909936613e-17 6.3527940631154164e-18 1.9701186695322435e-18 4.82528889161475e-19 8.786798706949246e-20 1.1002080566728305e-20 8.544977167725466e-22 3.589979220417795e-23 6.795570351287423e-25 4.534796359731081e-27 7.675970322265409e-30 2.114120806704901e-33 5.18621516625513e-38 5.025175975257321e-44 3.1773188392229553e-45 5.734176469295695e-45 1.0348593088966131e-44 1.8676331203694437e-44 3.3705581447780765e-44 6.082919650237588e-44 1.0977977498644512e-43 1.9812194947542686e-43 1.69863 6.92086 0.00901 7.12626 15.51413 6.28587 0.03327 0
483 0.1480 1 27.3924 10.7755 23.6323 3.9776976635146427e-16 3.867012212755307e-16 3.724533426835192e-16 3.5468746866156624e-16 3.332053685642648e-16 3.08006816212808e-16 2.793417753430164e-16 2.4774755286196654e-16 2.140592050846355e-16 1.7938078288699657e-16 1.4502020823683264e-16 1.1237809291314138e-16 8.280124772512885e-17 5.746602886482884e-17 3.709383994687875e-17 2.1893913868843976e-17 1.160356370389474e-17 5.40977696879036e-18 2.2742489650531273e-18 9.735298294537352e-19 3.3634739728589207e-19 7.313718420696216e-20 8.241859582330981e-21 3.7870599179905897e-22 5.1329440165351205e-24 1.3557599001290067e-26 3.722110870487291e-30 5.160551016433177e-35 1.2819222693741189e-41 3.36889238198262e-51 6.071506531038487e-61 -2.6192680019014352e-70 2.2457182795376472e-72 4.052896661243248e-72 7.314350823246869e-72 1.3200368140923885e-71 2.3822991714057186e-71 4.299387169730225e-71 7.759197609229612e-71 1.4003192818490048e-70 11.32660 1.45124 0.24024 11.41919 15.07902 48.69835 0.91288 0
484 2.1458 1 17.0625 13.2435 11.4641 3.113276973545367e-14 2.9473095105591554e-14 2.7562860357469467e-14 2.5407366321895813e-14 2.302714188739842e-14 2.0459946034065537e-14 1.7761582108782004e-14 1.5005069996886118e-14 1.2277619821922453e-14 9.674766267311862e-15 7.292223785037406e-15 5.215009737634676e-15 3.5052747323062224e-15 2.193613924338001e-15 1.2653770224332048e-15 6.676573647098125e-16 3.228100900902332e-16 1.4329723159188385e-16 5.80499679259116e-17 2.0934485573327862e-17 6.3843914357763115e-18 1.5467552882156068e-18 2.783288026651983e-19 3.4336686265441556e-20 2.6166640553853418e-21 1.07268277258023e-22 1.9666113206339074e-24 1.2584094856280368e-26 2.0152706766687677e-29 5.1570487687583264e-33 1.1468932312352586e-37 9.745036886701289e-44 5.975196546111214e-45 1.0783567267837418e-44 1.946133857231122e-44 3.5122301333043335e-44 6.338598171680611e-44 1.1439406091602883e-43 2.064494517309109e-43 3.725838192883108e-43 2.71399 -3.21461 -0.34835 4.20707 5.95167 27.17997 -3.35541 0
485 2.8752 2 31.6979 20.1339 26.7456 4.793543783192416e-15 3.9890078569327346e-15 3.2302133500933028e-15 2.5345513166687066e-15 1.9168966939251414e-15 1.3883153296427228e-15 9.549440803435025e-16 6.172267226011358e-16 3.6969210088811234e-16 2.014083347045549e-16 9.732699419064389e-17 4.0293428220537024e-17 1.3600243857257512e-17 3.5367896315257865e-18 6.445115454163093e-19 7.048465173656535e-20 4.2570302897832846e-21 1.175689069799186e-22 9.100373539363355e-25 1.3927856793718254e-27 3.6891383806183596e-31 1.5343141883255096e-35 1.1326272897079533e-41 5.771538113717767e-50 4.1639260858497504e-61 1.6262904069293632e-75 2.4660330181169284e-84 -7.806667764798575e-93 5.2980299751232383e-101 -2.470187359771112e-110 1.9051860438259823e-118 4.89338477782367e-126 -4.671143416509477e-128 -8.430114199746073e-128 -1.5214010593120577e-127 -2.745705607814391e-127 -4.955234675722046e-127 -8.942819879012333e-127 -1.613930169246831e-126 -2.9126949065788212e-126 1.76005 0.45647 0.31832 1.81828 9.13331 11.11765 1.99730 0
486 24.4205 1 2.9260 1.8844 3.4737 7.159317019502745e-14 6.744552017077351e-14 6.285200626386512e-14 5.785124079237817e-14 5.250815832506238e-14 4.6915091277374814e-14 4.1190981094323826e-14 3.5477974364130567e-14 2.993406665465775e-14 2.472010603347784e-14 1.9982646748595738e-14 1.5832946371859274e-14 1.2327750331142232e-14 9.463105501668121e-15 7.16844145322073e-15 5.341485916152714e-15 3.882705223765277e-15 2.7166120662624482e-15 1.803346636225135e-15 1.1200401273867615e-15 6.415637760299438e-16 3.333431034174966e-16 1.5393165373027312e-16 6.157905431292932e-17 2.0659111310368665e-17 5.575904635264526e-18 1.1473993302346004e-18 1.678333594978152e-19 1.5914369618618623e-20 8.658253706949476e-22 2.2967444061594997e-23 2.3886971143729065e-25 1.341088561532252e-25 2.42029171824019e-25 4.367953145979612e-25 7.882940119030637e-25 1.4226513619409726e-24 2.5674898795011874e-24 4.6336048716442694e-24 8.362367570732847e-24 0.63960 4.15817 -0.03003 4.20707 12.67435 2.89262 -0.13575 0
487 0.3188 1 22.3181 22.1182 18.6772 5.667983393420449e-15 5.492554126960812e-15 5.2701105953040915e-15 4.996335449176162e-15 4.669131803046099e-15 4.289435187107677e-15 3.861921418152908e-15 3.3954697282366426e-15 2.9032131095080028e-15 2.4020009261060834e-15 1.9113224345968728e-15 1.4515708805810973e-15 1.0418272577320786e-15 6.980793073066102e-16 4.293013498143241e-16 2.367338120134419e-16 1.1409959174711544e-16 4.634597164883585e-17 1.5147601376366212e-17 4.063005204367165e-18 1.034193217058379e-18 1.7456494009765872e-19 1.474720021127264e-20 5.301998037346033e-22 8.707126952090895e-24 8.938139675431304e-26 3.8553437707982854e-28 3.81413792231161e-31 5.156757266454495e-35 4.925409083111392e-40 1.3438600232940654e-46 3.199378179307229e-55 4.833668844340522e-57 8.723427377015656e-57 1.5743359268636233e-56 2.8412383155088143e-56 5.127644632742111e-56 9.253971881264181e-56 1.670084448372407e-55 3.0140377564172373e-55 5.61960 -7.04933 0.15315 9.01515 5.80584 75.52541 1.51159 0
488 1.5920 1 28.5324 22.6425 14.9556 3.763350115983022e-14 3.526768581750636e-14 3.260306701900375e-14 2.965956250265331e-14 2.647712152987017e-14 2.3117268999989158e-14 1.9662896831988667e-14 1.621575787707423e-14 1.2891004676611033e-14 9.808060394549457e-15 7.078730900620382e-15 4.792445319733702e-15 3.001224179198799e-15 1.7109832316161777e-15 8.702544059877153e-16 3.8615109119524366e-16 1.4768668792743777e-16 4.831973277835782e-17 1.3559768969814558e-17 3.2491107910049537e-18 5.991663142490385e-19 7.86554928594226e-20 6.65434114039974e-21 3.1454516213519046e-22 6.945368014327298e-24 5.6703627428392e-26 1.2509558624552804e-28 4.882947683028623e-32 1.9166735102393543e-36 3.5193855008554825e-42 1.0471471286275647e-49 1.557903473766469e-59 8.60084023818101e-62 1.5522123590848225e-61 2.801311431178536e-61 5.055587715509687e-61 9.12392919428436e-61 1.646615361591484e-60 2.971682584656148e-60 5.363060244630187e-60 -1.79846 -4.36634 -0.54955 4.72222 4.54132 -23.51275 -6.95045 0
489 0.2106 2 2.6721 15.1248 40.5655 2.296881732208731e-16 1.9215998086384096e-16 1.565496323112326e-16 1.2368152848507158e-16 9.427803008622612e-17 6.889899493645614e-17 4.788748520190578e-17 3.132928934652688e-17 1.9034569469376614e-17 1.0548720494899946e-17 5.205063554773519e-18 2.2120456428980997e-18 7.72267101495744e-19 2.0979282908168311e-19 4.051793813683728e-20 4.803628774972301e-21 3.219875358445875e-22 1.017842132026366e-23 9.567881582540076e-26 1.9142529743855678e-28 6.677720774462794e-32 2.0539462571859066e-36 1.1018880735161668e-42 5.0748195985713423e-51 4.410100653872469e-62 -4.644078343614618e-76 2.4279147990356183e-83 -7.889021951118464e-92 5.384712728630236e-100 -2.5065814124294934e-109 1.9337713619294242e-117 4.96756819204756e-125 -4.741978818290464e-127 -8.557952391202168e-127 -1.544472295987321e-126 -2.7873427708298604e-126 -5.030378170124995e-126 -9.078432978996792e-126 -1.638404560587717e-125 -2.956864373361565e-125 14.34536 3.08698 -0.02402 14.67375 18.44039 51.07162 -0.07464 0
490 3.1877 1 14.1025 12.2519 9.8135 5.290180197755604e-14 4.9972964566857495e-14 4.6633033863641185e-14 4.2896501042175474e-14 3.8802872869582375e-14 3.4419443181029005e-14 2.9842159270120165e-14 2.519389881960731e-14 2.0619233144580894e-14 1.62745346947329e-14 1.2314318867734114e-14 8.873089685542063e-15 6.045372600717127e-15 3.872128152751328e-15 2.320681097619451e-15 1.2995494462230108e-15 6.829016374675055e-16 3.3581567664224707e-16 1.5194482749016922e-16 6.122140955494445e-17 2.1005421624085363e-17 5.847679685543321e-18 1.2509054579387327e-18 1.9205613167894802e-19 1.9356967031467448e-20 1.1380064465110058e-21 3.3343680859720976e-23 3.9439218846815346e-25 1.4196224318719782e-27 1.0626833843433048e-30 9.880399407013098e-35 5.69069492060455e-40 5.463585370757263e-41 9.86025144352411e-41 1.7795010406517022e-40 3.211504262155735e-40 5.795871646170673e-40 1.0459935717580617e-39 1.8877273669130753e-39 3.4068226689033746e-39 0.00688 -3.00504 0.36637 3.00505 5.50716 0.07179 3.81444 0
