skymodel/snr/OUTPUT_FILES_1/ctadc_skymodel_gps_sources_pevatron_0.ecsv
# %ECSV 0.9
# ---
# datatype:
# - {name: Num_SNR, unit: '', datatype: float64, format: '%i', description: Simulation number}
# - {name: n0, unit: 1 / cm3, datatype: float64, format: '%0.4f', description: density}
# - {name: type, unit: '', datatype: float64, format: '%i', description: type of progenitor}
# - {name: agekyr, unit: kyear, datatype: float64, format: '%0.4f', description: age of the SNR}
# - {name: sigma, unit: arcmin, datatype: float64, format: '%0.4f', description: apparent size of the SNR}
# - {name: SNR_radiuspc, unit: pc, datatype: float64, format: '%0.4f', description: SNR Radius}
# - {name: '0.1', unit: TeV / (cm2 s), datatype: float64, description: Differential spectrum}
# - {name: '0.13433993325989002', unit: TeV / (cm2 s), datatype: float64, description: Differential spectrum}
# - {name: '0.18047217668271703', datatype: float64}
# - {name: '0.24244620170823283', datatype: float64}
# - {name: '0.3257020655659783', datatype: float64}
# - {name: '0.43754793750741844', datatype: float64}
# - {name: '0.5878016072274912', datatype: float64}
# - {name: '0.7896522868499725', datatype: float64}
# - {name: '1.0608183551394483', datatype: float64}
# - {name: '1.4251026703029979', datatype: float64}
# - {name: '1.9144819761699576', datatype: float64}
# - {name: '2.5719138090593443', datatype: float64}
# - {name: '3.455107294592218', datatype: float64}
# - {name: '4.6415888336127775', datatype: float64}
# - {name: '6.235507341273912', datatype: float64}
# - {name: '8.376776400682916', datatype: float64}
# - {name: '11.253355826007645', datatype: float64}
# - {name: '15.117750706156615', datatype: float64}
# - {name: '20.309176209047347', datatype: float64}
# - {name: '27.283333764867667', datatype: float64}
# - {name: '36.65241237079626', datatype: float64}
# - {name: '49.238826317067364', datatype: float64}
# - {name: '66.14740641230146', datatype: float64}
# - {name: '88.86238162743399', datatype: float64}
# - {name: '119.37766417144357', datatype: float64}
# - {name: '160.37187437513293', datatype: float64}
# - {name: '215.44346900318823', datatype: float64}
# - {name: '289.4266124716749', datatype: float64}
# - {name: '388.81551803080856', datatype: float64}
# - {name: '522.3345074266838', datatype: float64}
# - {name: '701.7038286703822', datatype: float64}
# - {name: '942.6684551178845', datatype: float64}
# - {name: '1266.380173467402', datatype: float64}
# - {name: '1701.2542798525858', datatype: float64}
# - {name: '2285.4638641349884', datatype: float64}
# - {name: '3070.2906297578497', datatype: float64}
# - {name: '4124.626382901348', datatype: float64}
# - {name: '5541.020330009481', datatype: float64}
# - {name: '7443.803013251681', datatype: float64}
# - {name: '10000.0', datatype: float64}
# - {name: galactocentric_x, unit: kpc, datatype: float64, format: '%0.5f', description: Galactocentric X}
# - {name: galactocentric_y, unit: kpc, datatype: float64, format: '%0.5f', description: Galactocentric Y}
# - {name: galactocentric_z, unit: kpc, datatype: float64, format: '%0.5f', description: Galactocentric Y}
# - {name: galactocentric_r, unit: kpc, datatype: float64, format: '%0.5f', description: Galactocentric radius in the xy plan}
# - {name: distance, unit: kpc, datatype: float64, format: '%.5f', description: Distance from Earth}
[...]
#     0.7896522868499725, 1.0608183551394483, 1.4251026703029979, 1.9144819761699576, 2.5719138090593443, 3.455107294592218, 4.6415888336127775,
#     6.235507341273912, 8.376776400682916, 11.253355826007645, 15.117750706156615, 20.309176209047347, 27.283333764867667, 36.65241237079626,
#     49.238826317067364, 66.14740641230146, 88.86238162743399, 119.37766417144357, 160.37187437513293, 215.44346900318823, 289.4266124716749,
#     388.81551803080856, 522.3345074266838, 701.7038286703822, 942.6684551178845, 1266.380173467402, 1701.2542798525858, 2285.4638641349884,
#     3070.2906297578497, 4124.626382901348, 5541.020330009481, 7443.803013251681, 10000.0]
# schema: astropy-2.0
Num_SNR n0 type agekyr sigma SNR_radiuspc 0.1 0.13433993325989002 0.18047217668271703 0.24244620170823283 0.3257020655659783 0.43754793750741844 0.5878016072274912 0.7896522868499725 1.0608183551394483 1.4251026703029979 1.9144819761699576 2.5719138090593443 3.455107294592218 4.6415888336127775 6.235507341273912 8.376776400682916 11.253355826007645 15.117750706156615 20.309176209047347 27.283333764867667 36.65241237079626 49.238826317067364 66.14740641230146 88.86238162743399 119.37766417144357 160.37187437513293 215.44346900318823 289.4266124716749 388.81551803080856 522.3345074266838 701.7038286703822 942.6684551178845 1266.380173467402 1701.2542798525858 2285.4638641349884 3070.2906297578497 4124.626382901348 5541.020330009481 7443.803013251681 10000.0 galactocentric_x galactocentric_y galactocentric_z galactocentric_r distance glon glat skip
[from data line 242]
241 0.2142 2 5.8175 113.7863 40.5655 9.904935107677178e-14 9.363732854337112e-14 8.85050128103387e-14 8.364516096074404e-14 7.904328156777e-14 7.467995693661474e-14 7.053369073335942e-14 6.65839033095593e-14 6.28125935563532e-14 5.92031190848549e-14 5.573843312143785e-14 5.240102104515703e-14 4.917325752149104e-14 4.6037824967642944e-14 4.297818384332965e-14 3.997911298214239e-14 3.702732070355426e-14 3.411211667060138e-14 3.122614677504904e-14 2.836615785116636e-14 2.553376178677102e-14 2.2736135859234566e-14 1.9986564329586233e-14 1.730470564454726e-14 1.4716428356472822e-14 1.22530389626412e-14 9.949738666299617e-15 7.843181315693483e-15 5.968131754006267e-15 4.353410294977564e-15 3.0175718399261487e-15 1.965070118182954e-15 2.8671456254206905e-15 5.174400118860011e-15 9.338352524779779e-15 1.685312806777556e-14 3.0415207063040415e-14 5.4890986229224424e-14 9.906295765049195e-14 1.7878107595812139e-13 2.31272 -7.81074 -0.42943 8.14594 2.45115 73.40440 -10.08999 0
242 0.5322 2 9.1351 19.9145 35.3065 1.987922619246365e-14 1.8789028462831202e-14 1.7754291695978242e-14 1.6773420630319844e-14 1.584334290453238e-14 1.4959974592494508e-14 1.4118792256465004e-14 1.3315436182610906e-14 1.2546048030172968e-14 1.1807032851145169e-14 1.1094716045058954e-14 1.0405346690371063e-14 9.735191462747452e-15 9.080647925494778e-15 8.438375854137623e-15 7.805450121665874e-15 7.179534008670791e-15 6.5590679421631835e-15 5.943468791370912e-15 5.3333248208938595e-15 4.730568667604291e-15 4.138600997893013e-15 3.562329118388953e-15 3.008081115724408e-15 2.48335276039144e-15 1.996351823341324e-15 1.5553266023297236e-15 1.1676998905012764e-15 8.390863565382074e-16 5.72335074493644e-16 3.667977719374218e-16 2.1805073772279597e-16 3.1188604588825393e-16 5.628675357841885e-16 1.0158192936700982e-15 1.8332711904494315e-15 3.3085444219012407e-15 5.9710021347197735e-15 1.0775997522300297e-14 1.944767728777104e-14 -5.65571 2.26605 -0.83183 6.09278 12.18962 -27.71419 -3.91296 0
243 7.5625 2 5.6156 9.7364 20.2604 1.1536231190286547e-12 1.0904522149164619e-12 1.0305157080541325e-12 9.737243128509187e-13 9.19903527382389e-13 8.688206529340163e-13 8.202179672489951e-13 7.738476682646813e-13 7.294913543283461e-13 6.869460325239738e-13 6.460039336170489e-13 6.064523022577725e-13 5.680782991957497e-13 5.306748655369722e-13 4.94047463723797e-13 4.580219112894631e-13 4.224532830979093e-13 3.8723567677290357e-13 3.523127007966851e-13 3.176880314158215e-13 2.834352992479906e-13 2.4970606588682004e-13 2.1673419023172898e-13 1.8483462488461568e-13 1.5439432538267058e-13 1.2585306065332162e-13 9.9672691876639e-14 7.629482417892303e-14 5.6089350261771754e-14 3.9299666339428455e-14 2.599394553079494e-14 1.6034679831528605e-14 2.312164976521464e-14 4.1728144616237113e-14 7.530769087823526e-14 1.359094289374434e-13 2.452787047204541e-13 4.4265981734817675e-13 7.988778076679955e-13 1.4417521685336043e-12 3.30265 5.42081 -0.01201 6.34765 14.30722 13.34643 -0.04810 0
244 0.1002 1 2.3325 6.8618 9.2727 1.1318541678099668e-15 1.068607202991982e-15 1.0083331976038646e-15 9.509065842965206e-16 8.961137300702276e-16 8.436800762858355e-16 7.933038286905787e-16 7.4469204852126515e-16 6.975823772658924e-16 6.51732890546588e-16 6.069071345567643e-16 5.628802395137318e-16 5.194515200427144e-16 4.764593362109487e-16 4.3379771025546574e-16 3.9143409457542336e-16 3.4942694026920815e-16 3.0794095014254456e-16 2.672573670545119e-16 2.2777570895038567e-16 1.900032261243665e-16 1.5452852067210985e-16 1.2197704702056288e-16 9.2949004775589e-17 6.79441801237711e-17 4.728354914117868e-17 3.104271391170127e-17 1.9015131334614913e-17 1.0721413990549103e-17 5.472140970749923e-18 2.4760315807040765e-18 9.674593822892239e-19 1.2597263718723074e-18 2.2734556035641676e-18 4.1029548136674635e-18 7.404691860534003e-18 1.3363408577353663e-17 2.411723433855502e-17 4.3524897766461993e-17 7.855033039806141e-17 -8.92754 -5.95666 0.39640 10.73232 9.29121 -74.09845 2.44519 0
245 2.3297 1 0.9142 2.3647 3.4093 5.403605510866173e-13 5.101377072435268e-13 4.81330010579645e-13 4.5387679527194937e-13 4.276752971774368e-13 4.025936370984778e-13 3.784869445011149e-13 3.552146439268868e-13 3.3265090139670443e-13 3.1067987595173296e-13 2.8918869566699067e-13 2.6807052113768646e-13 2.472307247901403e-13 2.2659415688015125e-13 2.0611323776122968e-13 1.8577655844615357e-13 1.656173042163126e-13 1.457204410473493e-13 1.2622734532154054e-13 1.0733611453275198e-13 8.929575460407968e-14 7.239256439664888e-14 5.69277223789078e-14 4.318650908772496e-14 3.1401628754258154e-14 2.1715665262198753e-14 1.4150185650505475e-14 8.590200496177076e-15 4.79153024176828e-15 2.4139435534316925e-15 1.0751272870160181e-15 4.120382970731202e-16 5.34173647005587e-16 9.640348080164346e-16 1.739814602006315e-15 3.139881282484553e-15 5.6666120957530715e-15 1.0226658193371678e-14 1.8456272643479325e-14 3.3308436974184044e-14 -0.91845 1.34819 0.65465 1.63131 9.91257 -5.32805 3.78673 0
246 1.6659 4 4.2798 33.2546 25.5359 6.310688311328518e-09 5.965874468825844e-09 5.638881464284173e-09 5.329247832881044e-09 5.036050288629887e-09 4.75805168037021e-09 4.493882421509928e-09 4.242231329840607e-09 4.0019515085269974e-09 3.771982628269873e-09 3.5512385953805824e-09 3.3386035084171297e-09 3.132954412091996e-09 2.9331879587692176e-09 2.738250371898026e-09 2.5471718719099644e-09 2.3591056117330764e-09 2.1733704825686807e-09 1.9894979353109635e-09 1.8072807024238549e-09 1.6268214814161518e-09 1.4485775550456537e-09 1.2733952976690897e-09 1.1025271993693538e-09 9.37621411994046e-10 7.806725528151999e-10 6.339233808157208e-10 4.997092067187167e-10 3.802449878877434e-10 2.7736694046221334e-10 1.9225724481583e-10 1.2519965947223933e-10 1.826732047057522e-10 3.296743087485459e-10 5.949704009622029e-10 1.073756033234379e-09 1.9378308854400785e-09 3.4972455793836717e-09 6.3115552210538205e-09 1.1390601089967528e-08 1.79863 -3.60896 -0.84685 4.03232 5.27963 20.19042 -9.23005 0
247 0.1558 2 6.3079 25.9645 44.4997 1.8996438811607575e-11 1.7951953668180327e-11 1.6960021031426884e-11 1.6019026324001806e-11 1.512593049159911e-11 1.4276715170511015e-11 1.3466930529414824e-11 1.2692274126182452e-11 1.19489175326583e-11 1.1233284895686317e-11 1.0541733892159069e-11 9.870571227821904e-12 9.21615867091995e-12 8.575041858587434e-12 7.944100522933444e-12 7.320722781873121e-12 6.703000713459414e-12 6.0899394303207875e-12 5.481670330506169e-12 4.879647782654902e-12 4.2868041525787394e-12 3.707627712440039e-12 3.148120384172336e-12 2.6155916693980836e-12 2.1182486136806196e-12 1.6645599361661306e-12 1.2624090311781388e-12 9.181008722210223e-13 6.353558280861075e-13 4.144858373377311e-13 2.5198324879732787e-13 1.4072720500327314e-13 1.9852950904206332e-13 3.582905263257226e-13 6.46614711707996e-13 1.1669596449700984e-12 2.1060374722864384e-12 3.800811667989003e-12 6.859407548830449e-12 1.2379322110912942e-11 -7.99324 0.12811 0.72072 7.99427 11.78370 -42.81257 3.50654 0
248 42.2795 2 7.4007 16.1086 14.6536 6.978678977103545e-08 6.596954953105247e-08 6.234867896526238e-08 5.891892572851991e-08 5.566990602109667e-08 5.258773972721806e-08 4.965705670430675e-08 4.686310857871462e-08 4.419294297519749e-08 4.163455007303949e-08 3.917563034791321e-08 3.6803565174941705e-08 3.4505690182231514e-08 3.226961934357128e-08 3.0083614004773536e-08 2.7937009984587544e-08 2.5820702544938085e-08 2.3727679841281447e-08 2.1653601840482565e-08 1.959739370727199e-08 1.7561821011385835e-08 1.5553987232557558e-08 1.3585668471172862e-08 1.1673384379822802e-08 9.838077856274477e-09 8.104270777128507e-09 6.49858998149614e-09 5.047609634576658e-09 3.775080497292388e-09 2.6987843517214388e-09 1.8274607739812043e-09 1.1584565664523598e-09 1.68042495612549e-09 3.0326994958392587e-09 5.473178792386906e-09 9.877564900357517e-09 1.782625637892322e-08 3.2171432908084365e-08 5.806048523923989e-08 1.0478302150380407e-07 1.65974 -2.46977 0.01201 2.97565 6.25449 15.38885 0.11004 0
249 42.3268 2 5.1844 8.3433 13.9909 3.4157842022273026e-08 3.229146926256055e-08 3.052155529430573e-08 2.8845602348370355e-08 2.7258612957708917e-08 2.5753890798273606e-08 2.4324022713188755e-08 2.2961911670793262e-08 2.1661349866332507e-08 2.0416598058869274e-08 1.9221777552640955e-08 1.807084831155472e-08 1.6957732119191332e-08 1.587645688940399e-08 1.4821318849295655e-08 1.378706887616225e-08 1.2769123243621684e-08 1.1763795316302676e-08 1.0768548979989792e-08 9.782262358367188e-09 8.805491321905463e-09 7.84071100349487e-09 6.892502570853372e-09 5.96764537296401e-09 5.075060355952013e-09 4.225543778214684e-09 3.431235013977456e-09 2.704774391968021e-09 2.0581508046776565e-09 1.5013031332100477e-09 1.0406301614148536e-09 6.776677881267205e-10 9.887546587969438e-10 1.7844270547826128e-09 3.220394347081487e-09 5.811915775945144e-09 1.0488890907814405e-08 1.8929529731208216e-08 3.41625343417136e-08 6.165386933647139e-08 0.56917 3.01551 -0.00601 3.06876 11.52957 2.82964 -0.02985 0
250 0.1946 2 7.9356 15.6435 42.4871 1.3359979843849973e-11 1.2625533771584961e-11 1.1928068304267246e-11 1.1266452129053455e-11 1.0638552697824505e-11 1.0041549283273335e-11 9.472318200017924e-12 8.92783977771294e-12 8.405427865518334e-12 7.902573792224264e-12 7.416721547470593e-12 6.945278076284082e-12 6.4856870617983226e-12 6.035518531515649e-12 5.592573346923909e-12 5.155004481680368e-12 4.721453226089207e-12 4.29119500183255e-12 3.864288466161411e-12 3.4417136372057543e-12 3.0254817838450128e-12 2.6186925647034976e-12 2.2255085112458797e-12 1.8510163456079596e-12 1.5009467149183662e-12 1.181236208596784e-12 8.974405084997179e-13 6.540421507983507e-13 4.5374371029738803e-13 2.9688136619107883e-13 1.8111973778300855e-13 1.0157377631158353e-13 1.434266195743595e-13 2.58845142288286e-13 4.671434625251467e-13 8.430639750501464e-13 1.5214959066008344e-12 2.74587678078096e-12 4.955543595300726e-12 8.943377392900213e-12 13.94435 3.91993 0.06006 14.48484 18.67359 48.30923 0.18428 0
251 3.0857 1 5.8321 4.4833 6.9230 8.41926119760364e-13 7.904527045739198e-13 7.406354173862231e-13 6.923147782432413e-13 6.452722382668293e-13 5.992575981297939e-13 5.540232580373344e-13 5.093621792839033e-13 4.651366797868681e-13 4.2128429437376103e-13 3.7782000190633355e-13 3.3485245282719224e-13 2.926004725877089e-13 2.514031634704623e-13 2.1171921130367886e-13 1.7411099607399788e-13 1.3920966531481058e-13 1.0765941117362286e-13 8.00432326063589e-14 5.6797862838461495e-14 3.8132088603088245e-14 2.3967818757547434e-14 1.3924334758340515e-14 7.360004877066476e-15 3.47085968337112e-15 1.4249352800785726e-15 4.93702438253146e-16 1.3874220352954063e-16 3.004528697095065e-17 4.690209058426126e-18 4.834897596546565e-19 2.930720016003533e-20 2.4854695851760166e-20 4.4855810611540467e-20 8.09522577793244e-20 1.4609630168815115e-19 2.636631757095549e-19 4.758386723138097e-19 8.587564094228752e-19 1.5498163844878113e-18 2.63375 1.77629 0.42643 3.17677 10.61699 14.37516 2.30188 0
252 0.2381 2 7.1850 24.8402 40.5655 1.2786483111835035e-10 1.2083372422995532e-10 1.1415623518573506e-10 1.0782147382676223e-10 1.0180895874971282e-10 9.609161386617208e-11 9.063945630141612e-11 8.542349338049382e-11 8.041792225562274e-11 7.559864104449578e-11 7.094110370055503e-11 6.642042759001221e-11 6.201211144024572e-11 5.769290759473296e-11 5.344183940163825e-11 4.924138129277664e-11 4.5078782322830074e-11 4.094747992457518e-11 3.6848539848158485e-11 3.2791980954522744e-11 2.8797813870831397e-11 2.4896552587558198e-11 2.1128907289031415e-11 1.754436367875418e-11 1.419837958372116e-11 1.1148055778588178e-11 8.446388119031627e-12 6.135550843273145e-12 4.240120910851368e-12 2.7615720527456474e-12 1.6755940780847949e-12 9.336067548988157e-13 1.3163964969299177e-12 2.375729411784455e-12 4.287530581538923e-12 7.737799766440465e-12 1.3964575665845271e-11 2.520217366865594e-11 4.548291139118202e-11 8.208400020633782e-11 9.66380 -2.78603 0.17718 10.05739 11.22808 59.40524 0.90415 0
253 3.0047 2 2.1963 26.8888 24.3810 1.0807188206932248e-12 1.0214934154579323e-12 9.65290174325718e-13 9.12023828143543e-13 8.615290260413061e-13 8.135856442324182e-13 7.679498729096234e-13 7.243869805626838e-13 6.826896167315007e-13 6.426647908041645e-13 6.041150958674424e-13 5.668387070669507e-13 5.30634240419767e-13 4.953065934636277e-13 4.606736924985871e-13 4.265743445008558e-13 3.9287715219332146e-13 3.5949026042143675e-13 3.2637173458770996e-13 2.935398571053605e-13 2.6108251101233235e-13 2.291643180357933e-13 1.9802975067250422e-13 1.6800021156174175e-13 1.3946281196228812e-13 1.1284883212741833e-13 8.86008194094938e-14 6.712885859384684e-14 4.875934516417374e-14 3.3682895477493105e-14 2.191136329129742e-14 1.3256033641778936e-14 1.9033726660580706e-14 3.435058080818856e-14 6.199324088769367e-14 1.1188055122618113e-13 2.0191326608251091e-13 3.6439726631027297e-13 6.576356782824678e-13 1.1868494232385225e-12 -4.63506 -4.33151 -0.07508 6.34396 6.23424 -48.03375 -0.68999 0
254 2.0247 2 1.7668 18.4805 25.5359 2.030676718794973e-09 1.9197212401300826e-09 1.8145002168798022e-09 1.714865157179966e-09 1.6205189626373016e-09 1.531063538156334e-09 1.4460581730808245e-09 1.3650809503276592e-09 1.2877628171753863e-09 1.2137625769246848e-09 1.1427307423153873e-09 1.0743082344376937e-09 1.0081337045692076e-09 9.438521134105135e-10 8.81124372830006e-10 8.196384235570152e-10 7.591217639960452e-10 6.993552244286497e-10 6.401880333836698e-10 5.815534955436506e-10 5.234846572943619e-10 4.661286647796563e-10 4.0975786748296117e-10 3.5477529631411203e-10 3.0171129969484375e-10 2.5120771297772203e-10 2.0398621947647587e-10 1.607982841474826e-10 1.223566441961646e-10 8.925216407042203e-11 6.186525016079994e-11 4.02872113387286e-11 5.878126214500871e-11 1.0608382327467098e-10 1.914517849720459e-10 3.4551720363696684e-10 6.235624182168886e-10 1.125356669131404e-09 2.0309556762255703e-09 3.6653099163454893e-09 -7.42099 -2.56831 0.03904 7.85285 9.50040 -51.36420 0.23544 0
255 0.2954 2 1.0966 17.3156 36.9790 2.9364939145540587e-15 2.77604489533289e-15 2.6238882809403266e-15 2.4798093422413286e-15 2.343378455152484e-15 2.214019947627462e-15 2.0910965226719317e-15 1.9739980600602667e-15 1.8621908849521325e-15 1.7551816041737088e-15 1.652464835847512e-15 1.553521327931321e-15 1.4578285460824238e-15 1.3648730798044775e-15 1.2741645850531881e-15 1.1852518033190967e-15 1.0977406791282541e-15 1.0113142784563866e-15 9.257545757047053e-16 8.409651249978172e-16 7.569937136126252e-16 6.740531246829421e-16 5.925371937185455e-16 5.130287302839173e-16 4.362946535536427e-16 3.632631002367823e-16 2.9497767251747227e-16 2.3252503882056436e-16 1.7693586466116763e-16 1.2906457942213497e-16 8.946127610472422e-17 5.825799342434557e-17 8.500162383358218e-17 1.5340428074812063e-16 2.7685204459060015e-16 4.996409110632633e-16 9.017128277932278e-16 1.627340767745715e-15 2.9368973055959357e-15 5.3002824943450646e-15 -5.48079 5.11419 -0.46246 7.49626 14.68329 -21.92868 -1.80488 0
256 1.5540 2 5.4051 12.5075 28.0125 6.641610720612107e-10 6.277503419734444e-10 5.931946465830917e-10 5.604411189436435e-10 5.29387607086549e-10 4.998982273748519e-10 4.718224728029883e-10 4.4501535776968547e-10 4.193486827408052e-10 3.94703058210465e-10 3.709564056275063e-10 3.4798401409033663e-10 3.256616045335791e-10 3.0386902012055964e-10 2.8249449752232023e-10 2.614396389658226e-10 2.406250533327408e-10 2.1999651145338087e-10 1.995314725826537e-10 1.7924551298516918e-10 1.5919810551542223e-10 1.3949688210627286e-10 1.2029923288144763e-10 1.0180996385093259e-10 8.427359893219533e-11 6.796011367277842e-11 5.3143558875147125e-11 4.007409612134945e-11 2.8945779359568104e-11 1.9864503317069694e-11 1.2822552813464017e-11 7.687291535780581e-12 1.1015844855761455e-11 1.9880534991183772e-11 3.587883423475862e-11 6.475131311185289e-11 1.168581042036022e-10 2.1089636428639817e-10 3.8060925917237566e-10 6.868938146843517e-10 -5.96223 5.69768 -0.03904 8.24692 15.39882 -22.77966 -0.14526 0
