skymodel/snr/OUTPUT_FILES_1/ctadc_skymodel_gps_sources_pevatron_0.ecsv
# %ECSV 0.9
# ---
# datatype:
# - {name: Num_SNR, unit: '', datatype: float64, format: '%i', description: Simulation number}
# - {name: n0, unit: 1 / cm3, datatype: float64, format: '%0.4f', description: density}
# - {name: type, unit: '', datatype: float64, format: '%i', description: type of progenitor}
# - {name: agekyr, unit: kyear, datatype: float64, format: '%0.4f', description: age of the SNR}
# - {name: sigma, unit: arcmin, datatype: float64, format: '%0.4f', description: apparent size of the SNR}
# - {name: SNR_radiuspc, unit: pc, datatype: float64, format: '%0.4f', description: SNR Radius}
# - {name: '0.1', unit: TeV / (cm2 s), datatype: float64, description: Differential spectrum}
# - {name: '0.13433993325989002', unit: TeV / (cm2 s), datatype: float64, description: Differential spectrum}
# - {name: '0.18047217668271703', datatype: float64}
# - {name: '0.24244620170823283', datatype: float64}
# - {name: '0.3257020655659783', datatype: float64}
# - {name: '0.43754793750741844', datatype: float64}
# - {name: '0.5878016072274912', datatype: float64}
# - {name: '0.7896522868499725', datatype: float64}
# - {name: '1.0608183551394483', datatype: float64}
# - {name: '1.4251026703029979', datatype: float64}
# - {name: '1.9144819761699576', datatype: float64}
# - {name: '2.5719138090593443', datatype: float64}
# - {name: '3.455107294592218', datatype: float64}
# - {name: '4.6415888336127775', datatype: float64}
# - {name: '6.235507341273912', datatype: float64}
# - {name: '8.376776400682916', datatype: float64}
# - {name: '11.253355826007645', datatype: float64}
# - {name: '15.117750706156615', datatype: float64}
# - {name: '20.309176209047347', datatype: float64}
# - {name: '27.283333764867667', datatype: float64}
# - {name: '36.65241237079626', datatype: float64}
# - {name: '49.238826317067364', datatype: float64}
# - {name: '66.14740641230146', datatype: float64}
# - {name: '88.86238162743399', datatype: float64}
# - {name: '119.37766417144357', datatype: float64}
# - {name: '160.37187437513293', datatype: float64}
# - {name: '215.44346900318823', datatype: float64}
# - {name: '289.4266124716749', datatype: float64}
# - {name: '388.81551803080856', datatype: float64}
# - {name: '522.3345074266838', datatype: float64}
# - {name: '701.7038286703822', datatype: float64}
# - {name: '942.6684551178845', datatype: float64}
# - {name: '1266.380173467402', datatype: float64}
# - {name: '1701.2542798525858', datatype: float64}
# - {name: '2285.4638641349884', datatype: float64}
# - {name: '3070.2906297578497', datatype: float64}
# - {name: '4124.626382901348', datatype: float64}
# - {name: '5541.020330009481', datatype: float64}
# - {name: '7443.803013251681', datatype: float64}
# - {name: '10000.0', datatype: float64}
# - {name: galactocentric_x, unit: kpc, datatype: float64, format: '%0.5f', description: Galactocentric X}
# - {name: galactocentric_y, unit: kpc, datatype: float64, format: '%0.5f', description: Galactocentric Y}
# - {name: galactocentric_z, unit: kpc, datatype: float64, format: '%0.5f', description: Galactocentric Y}
# - {name: galactocentric_r, unit: kpc, datatype: float64, format: '%0.5f', description: Galactocentric radius in the xy plan}
# - {name: distance, unit: kpc, datatype: float64, format: '%.5f', description: Distance from Earth}
[...]
#     0.7896522868499725, 1.0608183551394483, 1.4251026703029979, 1.9144819761699576, 2.5719138090593443, 3.455107294592218, 4.6415888336127775,
#     6.235507341273912, 8.376776400682916, 11.253355826007645, 15.117750706156615, 20.309176209047347, 27.283333764867667, 36.65241237079626,
#     49.238826317067364, 66.14740641230146, 88.86238162743399, 119.37766417144357, 160.37187437513293, 215.44346900318823, 289.4266124716749,
#     388.81551803080856, 522.3345074266838, 701.7038286703822, 942.6684551178845, 1266.380173467402, 1701.2542798525858, 2285.4638641349884,
#     3070.2906297578497, 4124.626382901348, 5541.020330009481, 7443.803013251681, 10000.0]
# schema: astropy-2.0
Num_SNR n0 type agekyr sigma SNR_radiuspc 0.1 0.13433993325989002 0.18047217668271703 0.24244620170823283 0.3257020655659783 0.43754793750741844 0.5878016072274912 0.7896522868499725 1.0608183551394483 1.4251026703029979 1.9144819761699576 2.5719138090593443 3.455107294592218 4.6415888336127775 6.235507341273912 8.376776400682916 11.253355826007645 15.117750706156615 20.309176209047347 27.283333764867667 36.65241237079626 49.238826317067364 66.14740641230146 88.86238162743399 119.37766417144357 160.37187437513293 215.44346900318823 289.4266124716749 388.81551803080856 522.3345074266838 701.7038286703822 942.6684551178845 1266.380173467402 1701.2542798525858 2285.4638641349884 3070.2906297578497 4124.626382901348 5541.020330009481 7443.803013251681 10000.0 galactocentric_x galactocentric_y galactocentric_z galactocentric_r distance glon glat skip
0 2.3114 1 8.7352 6.3247 8.6299 6.030858825197738e-13 5.651683213997971e-13 5.28331259759616e-13 4.924554750549335e-13 4.57383859733482e-13 4.2294309988707827e-13 3.8897050954289757e-13 3.55343623168336e-13 3.22003024488744e-13 2.8895813068177584e-13 2.562893045958805e-13 2.2415830895997653e-13 1.928164794578972e-13 1.6260513805023608e-13 1.3394471488501278e-13 1.0730966779202694e-13 8.318769397704086e-14 6.202454432766015e-14 4.4160009288093754e-14 2.976538122151654e-14 1.8796940895860984e-14 1.0981117471932889e-14 5.84275755522542e-15 2.7771565151821793e-15 1.1509889123411903e-15 4.0338383508924567e-16 1.1495759904098938e-16 2.5327759838020272e-17 4.039665878888767e-18 4.2786433229581e-19 2.6846731381546232e-20 8.571985634109386e-22 6.259937780286454e-22 1.1297445971066702e-21 2.0388746653538037e-21 3.67960148839648e-21 6.640656899358765e-21 1.1984538052303767e-20 2.1628756688361146e-20 3.9033887984894186e-20 -4.03513 -0.04281 0.45345 4.03535 9.38147 -25.50692 2.77047 0
0 2.3114 1 8.7352 6.3247 8.6299 6.030858825197738e-13 5.651683213997971e-13 5.28331259759616e-13 4.924554750549335e-13 4.57383859733482e-13 4.2294309988707827e-13 3.8897050954289757e-13 3.55343623168336e-13 3.22003024488744e-13 2.8895813068177584e-13 2.562893045958805e-13 2.2415830895997653e-13 1.928164794578972e-13 1.6260513805023608e-13 1.3394471488501278e-13 1.0730966779202694e-13 8.318769397704086e-14 6.202454432766015e-14 4.4160009288093754e-14 2.976538122151654e-14 1.8796940895860984e-14 1.0981117471932889e-14 5.84275755522542e-15 2.7771565151821793e-15 1.1509889123411903e-15 4.0338383508924567e-16 1.1495759904098938e-16 2.5327759838020272e-17 4.039665878888767e-18 4.2786433229581e-19 2.6846731381546232e-20 8.571985634109386e-22 6.259937780286454e-22 1.1297445971066702e-21 2.0388746653538037e-21 3.67960148839648e-21 6.640656899358765e-21 1.1984538052303767e-20 2.1628756688361146e-20 3.9033887984894186e-20 -4.03513 -0.04281 0.45345 4.03535 9.38147 -25.50692 2.77047 0
1 0.0147 1 7.8869 15.6418 22.4777 2.167565840950369e-17 2.0405922157447286e-17 1.9185184587954128e-17 1.8009908302037428e-17 1.6874877429567525e-17 1.5773800327636637e-17 1.4700066512170952e-17 1.3647581295132131e-17 1.2611356404712152e-17 1.1587517656778593e-17 1.0573244429245629e-17 9.567123600753946e-18 8.569608034919916e-18 7.583455858210686e-18 6.614084001477849e-18 5.6697553624706036e-18 4.761500285780013e-18 3.90266974062422e-18 3.1080427447389444e-18 2.3924606267354242e-18 1.7690600943511458e-18 1.2473058071926242e-18 8.311663513455147e-19 5.178865604159981e-19 2.9780932843598416e-19 1.5553018752599792e-19 7.230796969100713e-20 2.918533886144162e-20 9.907231055449178e-21 2.7157484830086538e-21 5.703651369429092e-22 8.569847185706102e-23 8.9694875712699e-23 1.618742945715653e-22 2.921380629030977e-22 5.272279210399466e-22 9.514997051798262e-22 1.7171922290676642e-21 3.099054193624888e-21 5.59293055981187e-21 -8.85717 -4.36363 1.43544 9.87374 9.88025 -64.96705 8.35368 0
2 0.1149 2 7.0280 49.0822 46.6077 2.8816897727068876e-15 2.7228718709947552e-15 2.571965396805952e-15 2.42871346654487e-15 2.2926415091626958e-15 2.1631248990393487e-15 2.0394723001751882e-15 1.9210138976598214e-15 1.8071515954522073e-15 1.6973263618805635e-15 1.5909711576588887e-15 1.4875150932182713e-15 1.3864018369938693e-15 1.2871120033572646e-15 1.1891892593515013e-15 1.092270391468194e-15 9.961186029573943e-16 9.006583642517375e-16 8.060096818792636e-16 7.12517695650551e-16 6.207726824959123e-16 5.316139449441809e-16 4.461101548198991e-16 3.655092806114625e-16 2.911529447401336e-16 2.243545723874257e-16 1.6624834227575837e-16 1.1762552606021547e-16 7.878591382789713e-17 4.943991180164453e-17 2.869710621341301e-17 1.5164613246460354e-17 2.1131895546306442e-17 3.8137191866737307e-17 6.882702028756506e-17 1.242136216588242e-16 2.2417102674411433e-16 4.0456633145709813e-16 7.301296645060421e-16 1.317680898140276e-15 6.11007 -6.27908 0.60060 8.76127 6.52888 70.02455 5.27818 0
3 2.5928 2 0.1481 10.6374 24.3810 6.551632803674813e-10 6.193653836840664e-10 5.854176114373867e-10 5.532720552548736e-10 5.228328613966596e-10 4.939715912559398e-10 4.665460570405512e-10 4.404201343848277e-10 4.154747547096291e-10 3.9159983670721823e-10 3.686826242615283e-10 3.4660726667397334e-10 3.252571809295776e-10 3.045178196413075e-10 2.842797817949135e-10 2.6444238677809136e-10 2.449177165891422e-10 2.2563505984877045e-10 2.0654577270799592e-10 1.8762833705783044e-10 1.6889341475217212e-10 1.5038847998984963e-10 1.3220140169619185e-10 1.144622109345047e-10 9.734201559631318e-11 8.104789293382026e-11 6.581268178485574e-11 5.187882952735221e-11 3.947628868955853e-11 2.8795691628837107e-11 1.9959769992417314e-11 1.2997983033558528e-11 1.8964773749865198e-11 3.42261399893342e-11 6.176865983322541e-11 1.1147524490876525e-10 2.0118180094923789e-10 3.6307717526258e-10 6.552532812345028e-10 1.1825498594288351e-09 -0.14753 7.25788 -0.05105 7.25938 15.75865 -0.53640 -0.18561 0
4 0.0324 3 0.5305 18.3453 46.6077 2.7721546155412513e-18 2.6206850391908457e-18 2.4770437877028484e-18 2.3410281491424556e-18 2.2122325431065403e-18 2.0901135147279492e-18 1.9740694329848525e-18 1.8635243227114084e-18 1.75797437588862e-18 1.6569538118256755e-18 1.5599855320694782e-18 1.4665793442383424e-18 1.3762419573424792e-18 1.2884886936271914e-18 1.2028566508883077e-18 1.1189198250555858e-18 1.0363062137572635e-18 9.54716620010902e-19 8.739452199028016e-19 7.93900965099032e-19 7.146289684872788e-19 6.363301049079775e-19 5.593761690788889e-19 4.843173539413954e-19 4.1187765845187047e-19 3.429332766487776e-19 2.784694060825604e-19 2.195119003654477e-19 1.67033744372573e-19 1.2184154980694613e-19 8.445462401156783e-20 5.499761622628681e-20 8.024455377580785e-20 1.4481909286853353e-19 2.6135816915200844e-19 4.71678776806728e-19 8.512489554535149e-19 1.5362675188958479e-18 2.7725354310209125e-18 5.0036550416630025e-18 13.90759 2.05587 -0.52553 14.05872 17.46779 52.80149 -1.72403 0
5 1.5448 1 7.2171 9.2030 8.6572 5.682811231453942e-13 5.334882800155434e-13 4.998080434726936e-13 4.671324374231388e-13 4.353138022488554e-13 4.041833975343038e-13 3.7357463112401247e-13 3.4334880251683723e-13 3.1341465623016976e-13 2.8373243337945964e-13 2.5431542998699063e-13 2.2524093559768656e-13 1.9666124930863708e-13 1.6881022792702017e-13 1.4200237231786819e-13 1.1662147669364527e-13 9.309628585843872e-14 7.186207198486556e-14 5.330984110405874e-14 3.772858434212752e-14 2.525042134518037e-14 1.5811869429313742e-14 9.14499720496814e-15 4.807762153124015e-15 2.2524744036542132e-15 9.173778833474227e-16 3.1473844143375977e-16 8.737712721000043e-17 1.8635387297809472e-17 2.853545332614748e-18 2.8702023823975737e-19 1.68570328441975e-20 1.419128641709229e-20 2.561132349620517e-20 4.62213129908537e-20 8.34166096459253e-20 1.5054377114292635e-19 2.716896206418867e-19 4.903241721934303e-19 8.848987063589991e-19 0.24077 -2.13292 1.11111 2.14646 6.46779 2.16558 9.89200 0
6 0.1220 2 0.5210 19.0271 44.4997 1.7104173930628534e-11 1.6169607739922028e-11 1.5283342257004882e-11 1.4444126750705158e-11 1.3649458792868665e-11 1.2895985270895238e-11 1.2179994125731143e-11 1.149793159476769e-11 1.0846689186171661e-11 1.0223393036449126e-11 9.625099451594226e-12 9.048783948157348e-12 8.491402924298448e-12 7.949965921776381e-12 7.421616837338663e-12 6.903727228952777e-12 6.394001844675133e-12 5.890594641287672e-12 5.392235686731584e-12 4.8983632134445655e-12 4.409255567617626e-12 3.926152145563543e-12 3.451346918002265e-12 2.988234571403229e-12 2.541282174091648e-12 2.1158958369484078e-12 1.7181542217352107e-12 1.3543868378208635e-12 1.0305969948486525e-12 7.517614811930521e-13 5.210844194048184e-13 3.393348943924993e-13 4.951083164959461e-13 8.935327557173881e-13 1.612578013616238e-12 2.910254641880152e-12 5.252199899210909e-12 9.478759481833379e-12 1.710652355938416e-11 3.087251542236247e-11 -8.30192 5.26547 0.39940 9.83093 16.08010 -31.09408 1.42327 0
7 17.4789 2 3.7892 11.9525 16.8363 7.835969851286682e-09 7.407815149159016e-09 7.0017885481350874e-09 6.6173170482095e-09 6.253254206902716e-09 5.908063855946695e-09 5.580045382207468e-09 5.267570693222294e-09 4.969215689330573e-09 4.68366376162813e-09 4.409566309616865e-09 4.145537720567478e-09 3.890183623003268e-09 3.6421339922323267e-09 3.4000803558859945e-09 3.1628185404913512e-09 2.9292970176259463e-09 2.6986700557707906e-09 2.4703558583789534e-09 2.244097061739403e-09 2.020021185156411e-09 1.798696035773413e-09 1.5811725550432997e-09 1.3690059575550576e-09 1.1642427503695646e-09 9.693596460160332e-10 7.871414741210656e-10 6.204879856336823e-10 4.721494889618393e-10 3.4440601024516223e-10 2.3872546063856203e-10 1.5546018256910146e-10 2.2682497599233356e-10 4.09355971433414e-10 7.38773632026565e-10 1.3332808544763109e-09 2.406200979367322e-09 4.342523282825053e-09 7.837046291468167e-09 1.4143688029844783e-08 -5.10004 -0.26681 -0.00901 5.10701 9.68483 -31.77611 -0.05330 0
8 0.0794 2 9.4065 50.0148 51.1280 2.713377968528082e-15 2.5640946539519527e-15 2.422302543889809e-15 2.287767994555789e-15 2.1600534805085477e-15 2.0385812013174323e-15 1.922711386664031e-15 1.8118250758992247e-15 1.7053709258609296e-15 1.602833806268857e-15 1.5036895504425157e-15 1.407407611867333e-15 1.313466784380801e-15 1.2213743118268054e-15 1.130688183857e-15 1.0410429607175105e-15 9.52178658944348e-16 8.639714686233103e-16 7.764647962471149e-16 6.898974374738889e-16 6.04725013533952e-16 5.216293066627465e-16 4.415090909715075e-16 3.6544611165628916e-16 2.9464064111376996e-16 2.30314074865491e-16 1.735817883355745e-16 1.2530719666128653e-16 8.595796988399493e-17 5.5494029939106654e-17 3.332082877374538e-17 1.833570423923618e-17 2.5782128313121853e-17 4.6529568161822004e-17 8.39729244627088e-17 1.5154776460198467e-16 2.7350154949120126e-16 4.935941996277286e-16 8.90800196047799e-16 1.6076465037013766e-15 -6.94075 -7.51577 0.50751 10.23039 7.02853 -81.92904 4.14075 0
9 2.0168 2 2.8774 11.7922 25.5359 9.406850709845378e-10 8.892863616981304e-10 8.405440656895431e-10 7.943893959979968e-10 7.506847255848952e-10 7.092456419789324e-10 6.698679915922409e-10 6.323563267227571e-10 5.965396884072832e-10 5.622600216297863e-10 5.29355430877769e-10 4.976595774294295e-10 4.670050711012919e-10 4.3722744446951733e-10 4.0816961928516893e-10 3.7968703807414347e-10 3.516534679504655e-10 3.2396738133949413e-10 2.9655893528159784e-10 2.6939723402226896e-10 2.4249758587791324e-10 2.15928154421535e-10 1.8981510207514104e-10 1.6434512776353653e-10 1.3976390862386977e-10 1.1636876669100587e-10 9.449401254866536e-11 7.448775274639808e-11 5.668015369743312e-11 4.1344925815631416e-11 2.865828750601031e-11 1.8662536437818465e-11 2.7229669420866984e-11 4.914197710734674e-11 8.868759575055133e-11 1.6005643449858917e-10 2.8885733126035046e-10 5.2130711323316e-10 9.408142944537218e-10 1.6979080357427822e-09 -6.40995 4.93839 0.02102 8.09167 14.88886 -25.50057 0.08089 0
10 1.8533 1 8.2881 5.5088 8.8288 2.8132147745997537e-13 2.638173347023691e-13 2.468351695121314e-13 2.3032001594700467e-13 2.1419840821162803e-13 1.9838813580447777e-13 1.8281036472172974e-13 1.6740303853848655e-13 1.5213117403054498e-13 1.3698933298901728e-13 1.220025908265959e-13 1.0723171468238203e-13 9.277772933781649e-14 7.87834233651738e-14 6.543018979782321e-14 5.292876206227765e-14 4.1502874840351245e-14 3.136596042279764e-14 2.269275875838905e-14 1.558982767888456e-14 1.0071082220170691e-14 6.045558451544599e-15 3.323574242536847e-15 1.6435062202701908e-15 7.147944033254337e-16 2.657890587923734e-16 8.150434441082463e-17 1.9677948271409422e-17 3.522122100370419e-18 4.319627737450614e-19 3.2715387426549334e-20 1.332667010220612e-21 1.0301933676414324e-21 1.8592123946234755e-21 3.3553610777318588e-21 6.0554931725473705e-21 1.0928480337369536e-20 1.9722866343193502e-20 3.559428619378437e-20 6.423778306859862e-20 4.01626 1.74454 -0.58258 4.37879 11.01909 21.40712 -3.03066 0
11 0.1050 3 4.0714 33.2432 44.4997 2.06855021404507e-15 1.9502998571474117e-15 1.8371041071804367e-15 1.7286738888910324e-15 1.6245569508296721e-15 1.5241906941481212e-15 1.4269682994836968e-15 1.3323107874854647e-15 1.2397144713858793e-15 1.148741827426027e-15 1.059005322905776e-15 9.701912381002644e-16 8.820957844708571e-16 7.946641882853553e-16 7.08029456445214e-16 6.225465285813764e-16 5.388154556711527e-16 4.576855933322883e-16 3.80232419795963e-16 3.0769886944819964e-16 2.4139666029967346e-16 1.8256924289639872e-16 1.3222767240406537e-16 9.098285033304973e-17 5.89086110636104e-17 3.5475602693740536e-17 1.9589685353277132e-17 9.745981401389576e-18 4.2734528217227166e-18 1.6063965106440524e-18 4.997113218434107e-19 1.2293113231058998e-19 1.4408532341990146e-19 2.600339194562284e-19 4.692888745560395e-19 8.469358468411115e-19 1.5284835579003532e-18 2.7584875471801995e-18 4.978302519917807e-18 8.984450919546236e-18 8.27271 -4.49784 -0.50150 9.41639 9.20362 64.18328 -3.12357 0
12 0.0258 2 0.3433 33.5320 41.5057 6.376441939979983e-18 5.9081285605617724e-18 5.4464909010815194e-18 4.9906880706787574e-18 4.539898113056147e-18 4.09365575106514e-18 3.652231447386493e-18 3.2170051340053448e-18 2.7907049008884904e-18 2.37736959409286e-18 1.982151270982715e-18 1.611064288238796e-18 1.2705610186177252e-18 9.669045316785689e-19 7.053784216206751e-19 4.89436703432485e-19 3.199587322066987e-19 1.9481487788757303e-19 1.0893547749219757e-19 5.497755589620565e-20 2.4504982094988707e-20 9.386832968931012e-21 2.984702743048385e-21 7.534223635426088e-22 1.4250725021872462e-22 1.8727542686713444e-23 1.5478203945212639e-24 7.04968867574851e-26 1.4832092543388386e-27 1.138017216947002e-29 2.3155721342753143e-32 8.132748020676178e-36 2.0570388521641735e-36 3.7123827917098544e-36 6.699818030993403e-36 1.2091307434314976e-35 2.182144571610737e-35 3.9381638067496413e-35 7.10728994337204e-35 1.2826680863955394e-34 -8.39937 -9.69083 0.67868 12.82425 8.51047 -98.06937 4.57399 0
13 0.1969 1 2.7640 3.1382 8.7589 1.0369471398610951e-15 9.784155449431228e-16 9.225216820308594e-16 8.691362840306733e-16 8.180485514423744e-16 7.689916448674991e-16 7.216744671408249e-16 6.75815991138448e-16 6.311668091256516e-16 5.87501892935068e-16 5.446094034927032e-16 5.022992525024165e-16 4.604178749823018e-16 4.1886504563969174e-16 3.776118118119988e-16 3.3671832027520727e-16 2.9634942806505814e-16 2.5678514242764944e-16 2.1842244414835616e-16 1.81764453146628e-16 1.473934287827083e-16 1.1592540348937382e-16 8.794707164864088e-17 6.394001929744681e-17 4.420269804901807e-17 2.878572925452849e-17 1.7458905470850904e-17 9.725655797122751e-18 4.891105672123946e-18 2.173462398490892e-18 8.306035974741605e-19 2.6372860326025867e-19 3.2762462759579766e-19 5.912712967707805e-19 1.0670801793823573e-18 1.925782826681185e-18 3.475502185493484e-18 6.2723144448154796e-18 1.1319782406942994e-17 2.0429057705557323e-17 5.20873 9.96869 0.17718 11.24747 19.18997 15.75007 0.52901 0
14 44.2745 2 3.2685 14.4142 13.9909 5.559841951843015e-08 5.256054096613165e-08 4.9679667541680834e-08 4.695173364818396e-08 4.436860495241452e-08 4.191938190649149e-08 3.9591998180149595e-08 3.73749019971883e-08 3.5257988968347004e-08 3.323191738154892e-08 3.12871185353224e-08 2.9413761115956833e-08 2.760195166395986e-08 2.5841969467151135e-08 2.4124530544471357e-08 2.2441090944987875e-08 2.0784189777518383e-08 1.914782633804183e-08 1.7527872615718604e-08 1.5922502542321103e-08 1.4332620903333506e-08 1.2762256450826799e-08 1.121886591126822e-08 9.713483971467569e-09 8.260631177097913e-09 6.877880503150063e-09 5.584991102454583e-09 4.4025375270863605e-09 3.350033992078524e-09 2.4436579269298723e-09 1.6938245759245547e-09 1.1030339081089517e-09 1.6093872758340083e-09 2.904496247952313e-09 5.241807600347394e-09 9.46000427386706e-09 1.7072675627325904e-08 3.081142932261471e-08 5.560605716557981e-08 1.0035346173415804e-07 1.13711 -1.92400 0.00300 2.23490 6.67359 9.81047 0.02578 0
