skymodel/snr/OUTPUT_FILES_1/ctadc_skymodel_gps_sources_pevatron_0.ecsv
# %ECSV 0.9
# ---
# datatype:
# - name: Num_SNR
#   unit: ''
#   datatype: float64
#   format: '%i'
#   description: Simulation number
# - name: n0
#   unit: 1 / cm3
#   datatype: float64
#   format: '%0.4f'
#   description: density
# - name: type
#   unit: ''
#   datatype: float64
#   format: '%i'
#   description: type of progenitor
# - name: agekyr
#   unit: kyear
#   datatype: float64
#   format: '%0.4f'
#   description: age of the SNR
# - name: sigma
#   unit: arcmin
#   datatype: float64
#   format: '%0.4f'
#   description: apparent size of the SNR
# - name: SNR_radiuspc
#   unit: pc
#   datatype: float64
#   format: '%0.4f'
#   description: SNR Radius
# - name: '0.1'
#   unit: TeV / (cm2 s)
#   datatype: float64
#   description: Differential spectrum
# - name: '0.13433993325989002'
#   unit: TeV / (cm2 s)
#   datatype: float64
#   description: Differential spectrum
# - name: '0.18047217668271703'
#   datatype: float64
# - name: '0.24244620170823283'
#   datatype: float64
# - name: '0.3257020655659783'
#   datatype: float64
# - name: '0.43754793750741844'
#   datatype: float64
# - name: '0.5878016072274912'
#   datatype: float64
# - name: '0.7896522868499725'
#   datatype: float64
# - name: '1.0608183551394483'
#   datatype: float64
# - name: '1.4251026703029979'
#   datatype: float64
# - name: '1.9144819761699576'
#   datatype: float64
# - name: '2.5719138090593443'
#   datatype: float64
# - name: '3.455107294592218'
#   datatype: float64
# - name: '4.6415888336127775'
#   datatype: float64
# - name: '6.235507341273912'
#   datatype: float64
# - name: '8.376776400682916'
#   datatype: float64
# - name: '11.253355826007645'
#   datatype: float64
# - name: '15.117750706156615'
#   datatype: float64
# - name: '20.309176209047347'
#   datatype: float64
# - name: '27.283333764867667'
#   datatype: float64
# - name: '36.65241237079626'
#   datatype: float64
# - name: '49.238826317067364'
#   datatype: float64
# - name: '66.14740641230146'
#   datatype: float64
# - name: '88.86238162743399'
#   datatype: float64
# - name: '119.37766417144357'
#   datatype: float64
# - name: '160.37187437513293'
#   datatype: float64
# - name: '215.44346900318823'
#   datatype: float64
# - name: '289.4266124716749'
#   datatype: float64
# - name: '388.81551803080856'
#   datatype: float64
# - name: '522.3345074266838'
#   datatype: float64
# - name: '701.7038286703822'
#   datatype: float64
# - name: '942.6684551178845'
#   datatype: float64
# - name: '1266.380173467402'
#   datatype: float64
# - name: '1701.2542798525858'
#   datatype: float64
# - name: '2285.4638641349884'
#   datatype: float64
# - name: '3070.2906297578497'
#   datatype: float64
# - name: '4124.626382901348'
#   datatype: float64
# - name: '5541.020330009481'
#   datatype: float64
# - name: '7443.803013251681'
#   datatype: float64
# - name: '10000.0'
#   datatype: float64
# - name: galactocentric_x
#   unit: kpc
#   datatype: float64
#   format: '%0.5f'
#   description: Galactocentric X
# - name: galactocentric_y
#   unit: kpc
#   datatype: float64
#   format: '%0.5f'
#   description: Galactocentric Y
# - name: galactocentric_z
#   unit: kpc
#   datatype: float64
#   format: '%0.5f'
#   description: Galactocentric Y
# - name: galactocentric_r
#   unit: kpc
#   datatype: float64
#   format: '%0.5f'
[...]
#   - 1.0608183551394483
#   - 1.4251026703029979
#   - 1.9144819761699576
#   - 2.5719138090593443
#   - 3.455107294592218
#   - 4.6415888336127775
#   - 6.235507341273912
#   - 8.376776400682916
#   - 11.253355826007645
#   - 15.117750706156615
#   - 20.309176209047347
#   - 27.283333764867667
#   - 36.65241237079626
#   - 49.238826317067364
#   - 66.14740641230146
#   - 88.86238162743399
#   - 119.37766417144357
#   - 160.37187437513293
#   - 215.44346900318823
#   - 289.4266124716749
#   - 388.81551803080856
#   - 522.3345074266838
#   - 701.7038286703822
#   - 942.6684551178845
#   - 1266.380173467402
#   - 1701.2542798525858
#   - 2285.4638641349884
#   - 3070.2906297578497
#   - 4124.626382901348
#   - 5541.020330009481
#   - 7443.803013251681
#   - 10000.0
# schema: astropy-2.0
Num_SNR n0 type agekyr sigma SNR_radiuspc 0.1 0.13433993325989002 0.18047217668271703 0.24244620170823283 0.3257020655659783 0.43754793750741844 0.5878016072274912 0.7896522868499725 1.0608183551394483 1.4251026703029979 1.9144819761699576 2.5719138090593443 3.455107294592218 4.6415888336127775 6.235507341273912 8.376776400682916 11.253355826007645 15.117750706156615 20.309176209047347 27.283333764867667 36.65241237079626 49.238826317067364 66.14740641230146 88.86238162743399 119.37766417144357 160.37187437513293 215.44346900318823 289.4266124716749 388.81551803080856 522.3345074266838 701.7038286703822 942.6684551178845 1266.380173467402 1701.2542798525858 2285.4638641349884 3070.2906297578497 4124.626382901348 5541.020330009481 7443.803013251681 10000.0 galactocentric_x galactocentric_y galactocentric_z galactocentric_r distance glon glat skip
[from data line 2307]
2306 0.0560 2 59.9849 1.0000 1.0000 0.0 0.0 0.0 0.0 0.0 0.0 0.0 0.0 0.0 0.0 0.0 0.0 0.0 0.0 0.0 0.0 0.0 0.0 0.0 0.0 0.0 0.0 0.0 0.0 0.0 0.0 0.0 0.0 0.0 0.0 0.0 0.0 0.0 0.0 0.0 0.0 0.0 0.0 0.0 0.0 -7.68066 -9.27689 -0.48949 12.04380 7.73535 -95.77575 -3.62807 0
2307 0.1881 1 41.5002 1.0000 1.0000 0.0 0.0 0.0 0.0 0.0 0.0 0.0 0.0 0.0 0.0 0.0 0.0 0.0 0.0 0.0 0.0 0.0 0.0 0.0 0.0 0.0 0.0 0.0 0.0 0.0 0.0 0.0 0.0 0.0 0.0 0.0 0.0 0.0 0.0 0.0 0.0 0.0 0.0 0.0 0.0 2.62572 -9.51821 0.24925 9.87374 2.82724 111.19545 5.05776 0
2308 0.1797 3 64.0946 1.0000 1.0000 0.0 0.0 0.0 0.0 0.0 0.0 0.0 0.0 0.0 0.0 0.0 0.0 0.0 0.0 0.0 0.0 0.0 0.0 0.0 0.0 0.0 0.0 0.0 0.0 0.0 0.0 0.0 0.0 0.0 0.0 0.0 0.0 0.0 0.0 0.0 0.0 0.0 0.0 0.0 0.0 -2.96284 -14.15530 0.07808 14.46205 6.38490 -152.34978 0.70066 0
2309 0.0600 2 67.4401 1.0000 1.0000 0.0 0.0 0.0 0.0 0.0 0.0 0.0 0.0 0.0 0.0 0.0 0.0 0.0 0.0 0.0 0.0 0.0 0.0 0.0 0.0 0.0 0.0 0.0 0.0 0.0 0.0 0.0 0.0 0.0 0.0 0.0 0.0 0.0 0.0 0.0 0.0 0.0 0.0 0.0 0.0 7.44209 11.83152 0.35736 13.97747 21.65371 20.10451 0.94561 0
2310 9.8066 3 95.7319 1.0000 1.0000 0.0 0.0 0.0 0.0 0.0 0.0 0.0 0.0 0.0 0.0 0.0 0.0 0.0 0.0 0.0 0.0 0.0 0.0 0.0 0.0 0.0 0.0 0.0 0.0 0.0 0.0 0.0 0.0 0.0 0.0 0.0 0.0 0.0 0.0 0.0 0.0 0.0 0.0 0.0 0.0 4.13888 3.00125 -0.05706 5.11252 12.22344 19.79196 -0.26745 0
2311 0.2755 3 77.7041 1.0000 1.0000 0.0 0.0 0.0 0.0 0.0 0.0 0.0 0.0 0.0 0.0 0.0 0.0 0.0 0.0 0.0 0.0 0.0 0.0 0.0 0.0 0.0 0.0 0.0 0.0 0.0 0.0 0.0 0.0 0.0 0.0 0.0 0.0 0.0 0.0 0.0 0.0 0.0 0.0 0.0 0.0 7.10614 10.58895 -0.06607 12.75238 20.36884 20.41853 -0.18584 0
2312 1.2811 3 23.4098 1.0000 1.0000 0.0 0.0 0.0 0.0 0.0 0.0 0.0 0.0 0.0 0.0 0.0 0.0 0.0 0.0 0.0 0.0 0.0 0.0 0.0 0.0 0.0 0.0 0.0 0.0 0.0 0.0 0.0 0.0 0.0 0.0 0.0 0.0 0.0 0.0 0.0 0.0 0.0 0.0 0.0 0.0 -6.90405 -5.56895 0.00601 8.87012 7.50046 -66.99682 0.04588 0
2313 0.0257 2 41.0687 1.0000 1.0000 0.0 0.0 0.0 0.0 0.0 0.0 0.0 0.0 0.0 0.0 0.0 0.0 0.0 0.0 0.0 0.0 0.0 0.0 0.0 0.0 0.0 0.0 0.0 0.0 0.0 0.0 0.0 0.0 0.0 0.0 0.0 0.0 0.0 0.0 0.0 0.0 0.0 0.0 0.0 0.0 -7.14379 5.62101 1.42943 9.09008 15.88962 -26.83478 5.16130 0
2314 0.0159 2 18.2053 30.8751 70.6907 1.1873879659601746e-17 8.571350005677873e-18 5.919203425055231e-18 3.889069286425696e-18 2.4137787248903993e-18 1.4005324070161883e-18 7.473680822329645e-19 3.5748436091690623e-19 1.4745585868723943e-19 4.962845460928701e-20 1.2643975849845408e-20 2.2044414997187844e-21 2.287437625176436e-22 1.2189186798891698e-23 2.575821036832446e-25 1.4203130864585188e-27 1.7193883658080747e-30 2.7431552520570445e-34 1.5116641052575944e-39 1.141446003482716e-46 1.0466383011499997e-55 1.0608465241233644e-67 -1.0459076066400709e-78 4.359147456731238e-87 -2.1547433377747854e-96 -2.350195517869411e-104 5.568144929458576e-112 -1.8250839275354217e-120 1.247936144170605e-128 -5.806283904226272e-138 4.47978499992126e-146 1.1508437879721075e-153 -1.0985826721490874e-155 -1.982636061086611e-155 -3.578106455139497e-155 -6.45748660361507e-155 -1.1653966632538947e-154 -2.103216725162054e-154 -3.795721004254923e-154 -6.850220317181962e-154 9.14599 4.24510 -1.31231 10.08315 15.74194 35.66355 -4.78196 0
2315 0.2315 2 69.5075 1.0000 1.0000 0.0 0.0 0.0 0.0 0.0 0.0 0.0 0.0 0.0 0.0 0.0 0.0 0.0 0.0 0.0 0.0 0.0 0.0 0.0 0.0 0.0 0.0 0.0 0.0 0.0 0.0 0.0 0.0 0.0 0.0 0.0 0.0 0.0 0.0 0.0 0.0 0.0 0.0 0.0 0.0 6.52649 -10.30449 -0.11712 12.19744 6.77237 105.45540 -0.99089 0
2316 0.8457 3 5.6658 16.1579 29.3395 4.8909461847451825e-12 4.343833785654704e-12 3.784175633730354e-12 3.2242246421714145e-12 2.6775339105523952e-12 2.1581271978790562e-12 1.6795265922919339e-12 1.2537129153010605e-12 8.900724816693039e-13 5.943553002246646e-13 3.6787062161847564e-13 2.0693584814642585e-13 1.0297708915324344e-13 4.3868286753188905e-14 1.521723461755509e-14 3.987951972400303e-15 7.394590953241987e-16 8.67520569253478e-17 5.2040744026435796e-18 1.3061268700230818e-19 1.1065955352405381e-21 2.1492900822207335e-24 4.686738060308256e-28 6.51104597905649e-33 2.2635223114916855e-39 7.22990773988226e-48 1.759963804964025e-59 -1.4934461500230357e-72 9.234158362067778e-81 -4.437110784676211e-90 3.405377327091715e-98 8.721606105166348e-106 -8.324807874737844e-108 -1.5023961976193597e-107 -2.711407120242038e-107 -4.893335448630991e-107 -8.831108996531327e-107 -1.5937694631263306e-106 -2.8763104414085474e-106 -5.190940061762283e-106 1.08300 3.86742 1.31832 4.01620 12.48455 5.00455 6.06150 0
2317 1.2685 2 10.9100 16.8332 29.3395 6.979272836033988e-12 5.889512941918765e-12 4.8450894884263575e-12 3.870466985528483e-12 2.9878665018830325e-12 2.2155084881839884e-12 1.5659605107882093e-12 1.044772568729106e-12 6.49610713565688e-13 3.701074262291299e-13 1.8889210151495728e-13 8.372840128058276e-14 3.085277358634841e-14 8.984104735245099e-15 1.9021545198313565e-15 2.5606643452369396e-16 2.021751545803821e-17 7.898475243741562e-19 1.0063817170710864e-20 3.061077036703938e-23 1.8004816829391936e-26 1.091693762931829e-30 1.5888379477448366e-36 2.783399142259453e-44 1.480672979246754e-54 1.7251553132601708e-67 7.159597563130909e-77 -2.2727820634616387e-85 1.5439890612012812e-93 -7.19667864663748e-103 5.5508636089506746e-111 1.4257541814968594e-118 -1.3610022439619631e-120 -2.4562303743787736e-120 -4.432812420983431e-120 -7.999993064410659e-120 -1.443776161780828e-119 -2.6056142655920414e-119 -4.7024087810693575e-119 -8.48653948371511e-119 3.55255 2.91272 -0.85886 4.59397 11.98367 17.29029 -4.10986 0
2318 27.5934 2 85.9800 1.0000 1.0000 0.0 0.0 0.0 0.0 0.0 0.0 0.0 0.0 0.0 0.0 0.0 0.0 0.0 0.0 0.0 0.0 0.0 0.0 0.0 0.0 0.0 0.0 0.0 0.0 0.0 0.0 0.0 0.0 0.0 0.0 0.0 0.0 0.0 0.0 0.0 0.0 0.0 0.0 0.0 0.0 -1.01789 0.82351 -0.01502 1.30930 9.37892 -6.23054 -0.09173 0
2319 36.8081 2 1.2984 8.7204 14.6536 5.795182958981663e-12 4.8010512439303425e-12 3.861556458252177e-12 2.999419465621736e-12 2.235520996299413e-12 1.5863993563260037e-12 1.0617620606943084e-12 6.625748434071362e-13 3.8028139688358606e-13 1.9760914682117057e-13 9.137623151962387e-14 3.690624187035008e-14 1.274358929460543e-14 3.655549063356946e-15 8.305938389099494e-16 1.3961711128324885e-16 1.5879041888969862e-17 1.0913129737556338e-18 3.914517483832097e-20 6.029137752754964e-22 3.0675381787624075e-24 3.622643501086403e-27 6.161713126123502e-31 7.988571472946957e-36 3.3483043246577113e-42 1.3668794466473225e-50 -1.6624196144226e-61 1.308099550526498e-69 -9.639959130898052e-78 4.392120212809306e-87 -3.400516811571118e-95 -8.753379244600408e-103 8.356365327495318e-105 1.508091439809063e-104 2.721685447789148e-104 4.9118849700818395e-104 8.864585721657902e-104 1.599811080578132e-103 2.8872138799306563e-103 5.210617734596396e-103 -2.04734 2.87065 0.01201 3.52594 11.55350 -10.20702 0.05957 0
2320 0.1690 2 3.0060 19.9960 42.4871 2.58327099395419e-16 2.1429217219825233e-16 1.7290904617427555e-16 1.3511958947801105e-16 1.0171726257986072e-16 7.32765380687051e-17 5.009327026765915e-17 3.2146612551727744e-17 1.90928000537802e-17 1.029727698138931e-17 4.914832147589315e-18 2.0033596204438017e-18 6.627183133849034e-19 1.6789755659189871e-19 2.9546939734084016e-20 3.0780163000928943e-21 1.7458415618258533e-22 4.444167580453593e-24 3.0592880204740386e-26 3.982226101069779e-29 8.134601478010004e-33 1.2463791100472399e-37 2.3992246190736584e-44 2.7916840284080457e-53 3.9603998248873235e-65 1.124787027650592e-77 -2.1497454390698275e-85 7.058077599867555e-94 -4.827929390681668e-102 2.246056022683729e-111 -1.7329545497562115e-119 -4.451955435410024e-127 4.24978837066122e-129 7.669685576941264e-129 1.3841648505426328e-128 2.4980324346513716e-128 4.508253509055591e-128 8.136143238167583e-128 1.468347479994476e-127 2.649958658411859e-127 -7.54804 3.99964 0.45345 8.54225 14.60889 -31.12613 1.77872 0
2321 0.5844 2 38.2591 1.0000 1.0000 0.0 0.0 0.0 0.0 0.0 0.0 0.0 0.0 0.0 0.0 0.0 0.0 0.0 0.0 0.0 0.0 0.0 0.0 0.0 0.0 0.0 0.0 0.0 0.0 0.0 0.0 0.0 0.0 0.0 0.0 0.0 0.0 0.0 0.0 0.0 0.0 0.0 0.0 0.0 0.0 -10.10041 -0.95745 0.04204 10.14568 12.60595 -53.24920 0.19109 0
2322 0.2464 3 16.0321 24.7502 38.7308 7.823574582875695e-12 6.477417126951928e-12 5.215081117685798e-12 4.0651630054884e-12 3.051521627457597e-12 2.1911252808640097e-12 1.4922629861826402e-12 9.534546538044304e-13 5.63375727743496e-13 3.0197562522003e-13 1.4304517074606964e-13 5.77543674593379e-14 1.8870413231812357e-14 4.704427444874458e-15 8.102546431216215e-16 8.190961155259206e-17 4.468851696100353e-18 1.0816011722198597e-19 6.9241219843641905e-22 8.15339319640184e-25 1.4701978261695167e-28 1.9143431364205723e-33 2.9012843315823563e-40 3.728234018355124e-49 8.916120265911511e-61 1.9669471442646e-73 -4.137521613298051e-81 1.3568935642531068e-89 -9.279244642159709e-98 4.317201711572626e-107 -3.3309179029403576e-115 -8.557062100402643e-123 8.168477094417432e-125 1.474182841412427e-124 2.6604898621801387e-124 4.801443964699524e-124 8.66527043529416e-124 1.5638402170019287e-123 2.822296479463112e-123 5.0934598889267806e-123 -10.73624 -9.20317 -0.00601 14.14090 10.75924 -93.74723 -0.03198 0
2323 3.1985 1 0.8080 1.9578 3.0441 1.8259396353631665e-14 1.8151089291395903e-14 1.7928567353466182e-14 1.7567000736881644e-14 1.704380782143692e-14 1.634124965920988e-14 1.5449335819109732e-14 1.4368746875725874e-14 1.3113299312666452e-14 1.1711307828954975e-14 1.0205686066767065e-14 8.65196687269291e-15 7.114160059188435e-15 5.660921694741298e-15 4.352719362430002e-15 3.2366764988199085e-15 2.342958309753828e-15 1.6689029161682419e-15 1.1854625352018852e-15 8.482020387989718e-16 6.080619563934056e-16 4.280083217775689e-16 2.889447331866969e-16 1.8359041081793237e-16 1.0813967433827578e-16 5.813624165154356e-17 2.799454977782064e-17 1.1794212099231274e-17 4.220355309158543e-18 1.235002843153763e-18 2.8146641111087364e-19 4.688579556114118e-20 5.025196462348853e-20 9.069081438183851e-20 1.6367168676618686e-19 2.953818557202565e-19 5.330820645441485e-19 9.620648053879895e-19 1.7362592953820536e-18 3.133464943232003e-18 2.30137 1.93236 0.39039 3.00505 10.69032 12.44017 2.09280 0
2324 1.0869 2 5.5247 12.7502 29.3395 1.178521048272335e-15 1.0159715824686092e-15 8.561323550384877e-16 7.027649245670748e-16 5.595715987797748e-16 4.2993409759902307e-16 3.166471982351972e-16 2.216660153204879e-16 1.4588492077989096e-16 8.897031219734973e-17 4.9328349084645477e-17 2.422928716981469e-17 1.0170312695408354e-17 3.496031091310888e-18 9.19714131260321e-19 1.6655684288696142e-19 1.924611902776429e-20 1.228683902078219e-21 3.1524192964257543e-23 2.502662999663615e-25 4.903857738087565e-28 1.4165000619219967e-31 2.0190274582778265e-36 7.424394835758995e-43 2.0873078224710543e-51 1.4883599902851506e-62 -5.509366160608582e-75 1.8881072214682274e-83 -1.3020995455010048e-91 6.044039235975363e-101 -4.665057921955239e-109 -1.1987112361699041e-116 1.1442839223557193e-118 2.065114102105735e-118 3.726956371051974e-118 6.726119286852712e-118 1.2138773883259105e-117 2.1907109449710843e-117 3.953623727215842e-117 7.135190798350812e-117 -7.22449 5.57544 0.01201 9.12572 15.82123 -27.17003 0.04350 0
2325 7.2319 3 40.6473 1.0000 1.0000 0.0 0.0 0.0 0.0 0.0 0.0 0.0 0.0 0.0 0.0 0.0 0.0 0.0 0.0 0.0 0.0 0.0 0.0 0.0 0.0 0.0 0.0 0.0 0.0 0.0 0.0 0.0 0.0 0.0 0.0 0.0 0.0 0.0 0.0 0.0 0.0 0.0 0.0 0.0 0.0 -3.89692 4.85185 -0.03003 6.22306 13.90895 -16.27059 -0.12370 0
2326 1.4164 1 11.1523 5.0604 10.4972 3.977760419449039e-15 3.8325115999278635e-15 3.6546264850517554e-15 3.442172510354429e-15 3.19488629701572e-15 2.9146292873687327e-15 2.6057401498745818e-15 2.2752051463267313e-15 1.9325556035983145e-15 1.5893976270318976e-15 1.2586301782100108e-15 9.53272247615173e-16 6.850080365948622e-16 4.630001370479957e-16 2.914174024509268e-16 1.6918673028664498e-16 9.0412514215605e-17 4.4582813704218593e-17 2.0414244055685063e-17 8.695778031995403e-18 3.3540345912695163e-18 1.1114201333498293e-18 2.9834329304180715e-19 6.105149988019398e-20 8.864043190326072e-21 8.320139397129145e-22 4.464006449284339e-23 1.1617778843078192e-24 1.1774228869781382e-26 3.458670988383898e-29 1.9768186293902151e-32 1.284200330054692e-36 2.180110061086334e-37 3.9344920813214124e-37 7.100663500569901e-37 1.281472197839374e-36 2.3127007690245672e-36 4.1737814180165646e-36 7.53251417507328e-36 1.3594092290688982e-35 3.17453 5.40427 -0.10811 6.26768 14.26247 12.86096 -0.43430 0
2327 0.2453 1 70.2296 1.0000 1.0000 0.0 0.0 0.0 0.0 0.0 0.0 0.0 0.0 0.0 0.0 0.0 0.0 0.0 0.0 0.0 0.0 0.0 0.0 0.0 0.0 0.0 0.0 0.0 0.0 0.0 0.0 0.0 0.0 0.0 0.0 0.0 0.0 0.0 0.0 0.0 0.0 0.0 0.0 0.0 0.0 -7.80692 4.50831 -0.21922 9.01515 15.17275 -30.97002 -0.82785 0
2328 0.2299 2 8.8716 25.9708 40.5655 3.3735313669169947e-16 2.7542521464897425e-16 2.1825457254873293e-16 1.6708100571260509e-16 1.228585084017049e-16 8.615960912156385e-17 5.710819056151216e-17 3.535885950396198e-17 2.0134993817491113e-17 1.0324537415563256e-17 4.6306552934646044e-18 1.7443264503538742e-18 5.204366553487703e-19 1.1518432282529302e-19 1.6901219321733816e-20 1.3653859960529118e-21 5.570236144451674e-23 9.233121907543878e-25 3.430482728702181e-27 1.9056547293210597e-30 1.3486876657754742e-34 5.163058460829018e-40 1.3016898478976703e-47 9.778744477418231e-58 3.742118921580298e-71 1.6311413228512398e-80 -3.762469917295978e-88 1.2336487365636955e-96 -8.435894189373236e-105 3.924900790682148e-114 -3.028230846431523e-122 -7.779451664635114e-130 7.426178378383292e-132 1.34021857638096e-131 2.418721637100846e-131 4.3651195863717527e-131 7.8778263323287e-131 1.421728465723783e-130 2.5658243086095125e-130 4.630598979601872e-130 8.54099 -1.99521 0.26727 8.77093 10.73928 52.70721 1.42606 0
2329 1.9573 3 11.1282 31.5329 25.5359 3.5080164929531065e-10 3.031765868411947e-10 2.561005816875373e-10 2.1068773328109957e-10 1.6806260842535022e-10 1.2928260745643488e-10 9.525236049583625e-11 6.663547928541563e-11 4.37712963015894e-11 2.6608318121159746e-11 1.4685247275528514e-11 7.171425292109382e-12 2.98979927200821e-12 1.0198869729783163e-12 2.660879309402853e-13 4.776194940920609e-14 5.464511038394069e-15 3.4494264501107216e-16 8.72977699694895e-18 6.810540936355267e-20 1.3057874846273834e-22 3.668529540980894e-26 5.031372962105562e-31 1.761392203007551e-37 5.378315788241936e-46 8.581019275977278e-57 -4.023305689979764e-67 1.6042951757505522e-75 -1.1373563458646834e-83 5.239600420078531e-93 -4.049277252269111e-101 -1.041240543893096e-108 9.939841433152935e-111 1.7938648193221643e-110 3.2374268861762055e-110 5.842654769993718e-110 1.0544366239464233e-109 1.902964726975862e-109 3.4343218642776676e-109 6.197995422752386e-109 5.06454 -6.18683 -0.03303 7.99540 5.56790 65.45197 -0.33992 0
2330 0.4179 3 94.8646 1.0000 1.0000 0.0 0.0 0.0 0.0 0.0 0.0 0.0 0.0 0.0 0.0 0.0 0.0 0.0 0.0 0.0 0.0 0.0 0.0 0.0 0.0 0.0 0.0 0.0 0.0 0.0 0.0 0.0 0.0 0.0 0.0 0.0 0.0 0.0 0.0 0.0 0.0 0.0 0.0 0.0 0.0 7.19845 -9.26969 0.00901 11.73647 7.23949 96.10313 0.07130 0
2331 1.2906 1 52.1543 1.0000 1.0000 0.0 0.0 0.0 0.0 0.0 0.0 0.0 0.0 0.0 0.0 0.0 0.0 0.0 0.0 0.0 0.0 0.0 0.0 0.0 0.0 0.0 0.0 0.0 0.0 0.0 0.0 0.0 0.0 0.0 0.0 0.0 0.0 0.0 0.0 0.0 0.0 0.0 0.0 0.0 0.0 -0.35367 0.24333 -0.08108 0.42929 8.75086 -2.31635 -0.53088 0
