skymodel/snr/OUTPUT_FILES_1/ctadc_skymodel_gps_sources_pevatron_0.ecsv
# %ECSV 0.9
# ---
# datatype:
# - {name: Num_SNR, unit: '', datatype: float64, format: '%i', description: Simulation number}
# - {name: n0, unit: 1 / cm3, datatype: float64, format: '%0.4f', description: density}
# - {name: type, unit: '', datatype: float64, format: '%i', description: type of progenitor}
# - {name: agekyr, unit: kyear, datatype: float64, format: '%0.4f', description: age of the SNR}
# - {name: sigma, unit: arcmin, datatype: float64, format: '%0.4f', description: apparent size of the SNR}
# - {name: SNR_radiuspc, unit: pc, datatype: float64, format: '%0.4f', description: SNR Radius}
# - {name: '0.1', unit: TeV / (cm2 s), datatype: float64, description: Differential spectrum}
# - {name: '0.13433993325989002', unit: TeV / (cm2 s), datatype: float64, description: Differential spectrum}
# - {name: '0.18047217668271703', datatype: float64}
# - {name: '0.24244620170823283', datatype: float64}
# - {name: '0.3257020655659783', datatype: float64}
# - {name: '0.43754793750741844', datatype: float64}
# - {name: '0.5878016072274912', datatype: float64}
# - {name: '0.7896522868499725', datatype: float64}
# - {name: '1.0608183551394483', datatype: float64}
# - {name: '1.4251026703029979', datatype: float64}
# - {name: '1.9144819761699576', datatype: float64}
# - {name: '2.5719138090593443', datatype: float64}
# - {name: '3.455107294592218', datatype: float64}
# - {name: '4.6415888336127775', datatype: float64}
# - {name: '6.235507341273912', datatype: float64}
# - {name: '8.376776400682916', datatype: float64}
# - {name: '11.253355826007645', datatype: float64}
# - {name: '15.117750706156615', datatype: float64}
# - {name: '20.309176209047347', datatype: float64}
# - {name: '27.283333764867667', datatype: float64}
# - {name: '36.65241237079626', datatype: float64}
# - {name: '49.238826317067364', datatype: float64}
# - {name: '66.14740641230146', datatype: float64}
# - {name: '88.86238162743399', datatype: float64}
# - {name: '119.37766417144357', datatype: float64}
# - {name: '160.37187437513293', datatype: float64}
# - {name: '215.44346900318823', datatype: float64}
# - {name: '289.4266124716749', datatype: float64}
# - {name: '388.81551803080856', datatype: float64}
# - {name: '522.3345074266838', datatype: float64}
# - {name: '701.7038286703822', datatype: float64}
# - {name: '942.6684551178845', datatype: float64}
# - {name: '1266.380173467402', datatype: float64}
# - {name: '1701.2542798525858', datatype: float64}
# - {name: '2285.4638641349884', datatype: float64}
# - {name: '3070.2906297578497', datatype: float64}
# - {name: '4124.626382901348', datatype: float64}
# - {name: '5541.020330009481', datatype: float64}
# - {name: '7443.803013251681', datatype: float64}
# - {name: '10000.0', datatype: float64}
# - {name: galactocentric_x, unit: kpc, datatype: float64, format: '%0.5f', description: Galactocentric X}
# - {name: galactocentric_y, unit: kpc, datatype: float64, format: '%0.5f', description: Galactocentric Y}
# - {name: galactocentric_z, unit: kpc, datatype: float64, format: '%0.5f', description: Galactocentric Y}
# - {name: galactocentric_r, unit: kpc, datatype: float64, format: '%0.5f', description: Galactocentric radius in the xy plan}
# - {name: distance, unit: kpc, datatype: float64, format: '%.5f', description: Distance from Earth}
[...]
#     0.7896522868499725, 1.0608183551394483, 1.4251026703029979, 1.9144819761699576, 2.5719138090593443, 3.455107294592218, 4.6415888336127775,
#     6.235507341273912, 8.376776400682916, 11.253355826007645, 15.117750706156615, 20.309176209047347, 27.283333764867667, 36.65241237079626,
#     49.238826317067364, 66.14740641230146, 88.86238162743399, 119.37766417144357, 160.37187437513293, 215.44346900318823, 289.4266124716749,
#     388.81551803080856, 522.3345074266838, 701.7038286703822, 942.6684551178845, 1266.380173467402, 1701.2542798525858, 2285.4638641349884,
#     3070.2906297578497, 4124.626382901348, 5541.020330009481, 7443.803013251681, 10000.0]
# schema: astropy-2.0
Num_SNR n0 type agekyr sigma SNR_radiuspc 0.1 0.13433993325989002 0.18047217668271703 0.24244620170823283 0.3257020655659783 0.43754793750741844 0.5878016072274912 0.7896522868499725 1.0608183551394483 1.4251026703029979 1.9144819761699576 2.5719138090593443 3.455107294592218 4.6415888336127775 6.235507341273912 8.376776400682916 11.253355826007645 15.117750706156615 20.309176209047347 27.283333764867667 36.65241237079626 49.238826317067364 66.14740641230146 88.86238162743399 119.37766417144357 160.37187437513293 215.44346900318823 289.4266124716749 388.81551803080856 522.3345074266838 701.7038286703822 942.6684551178845 1266.380173467402 1701.2542798525858 2285.4638641349884 3070.2906297578497 4124.626382901348 5541.020330009481 7443.803013251681 10000.0 galactocentric_x galactocentric_y galactocentric_z galactocentric_r distance glon glat skip
[from data line 1096]
1095 0.0101 2 16.4509 37.0945 74.0394 2.1872663358874803e-17 1.755612916388952e-17 1.3645568335866317e-17 1.0219122585187318e-17 7.329075434965886e-18 4.9959346810041345e-18 3.2057737016751795e-18 1.912040309008103e-18 1.042012490564981e-18 5.066781561097111e-19 2.1265502405130771e-19 7.351620132014368e-20 1.9562331151840274e-20 3.7189471209716046e-21 4.438427359710598e-22 2.683248000428708e-23 7.505053622845656e-25 7.591310413052473e-27 1.3914901180445025e-29 2.9170737778883222e-33 6.116988279683678e-38 4.710274771666791e-44 1.1557666780750826e-52 6.388688141930266e-64 -4.708010738505818e-77 -5.249260136849096e-85 1.2041261645839639e-92 -3.949001491968626e-101 2.7005054716700094e-109 -1.2564280954195335e-118 9.693905200313867e-127 2.490343505436507e-134 -2.3772543984345638e-136 -4.290282758140481e-136 -7.742766679459448e-136 -1.3973539561884625e-135 -2.521835100695373e-135 -4.5512106985737207e-135 -8.213669013132699e-135 -1.4823387253514454e-134 10.46736 0.25751 -1.43844 10.47053 13.72329 50.08250 -6.01664 0
1096 1.1379 3 46.9158 16.8710 32.1850 6.563525499121712e-16 5.234388262205393e-16 4.0388034746564955e-16 2.9996839102263955e-16 2.1312769561355185e-16 1.4374868100083063e-16 9.113644175433553e-17 5.360965757384098e-17 2.8743086400253805e-17 1.3700792489900658e-17 5.6068478577031735e-18 1.8750488975316727e-18 4.770677329384355e-19 8.540453366866431e-20 9.3898072457916e-21 5.059438196793843e-22 1.2176927213809804e-23 1.0111942649391935e-25 1.4032068765431125e-28 2.7598603758231815e-32 8.71507923372662e-37 8.688546786605998e-43 2.2354145858313903e-51 5.414846070940988e-63 -1.2687903206958172e-76 -1.4854733596356298e-84 3.411659752255616e-92 -1.1188889444809978e-100 7.651487540895431e-109 -3.559902824394831e-118 2.746624717229811e-126 7.0560206180423e-134 -6.7355993446247385e-136 -1.2155882749871066e-135 -2.1937986193691275e-135 -3.959196120410867e-135 -7.145247417643162e-135 -1.289518354398622e-134 -2.32722184290635e-134 -4.1999879161287408e-134 3.43857 4.14939 -0.45946 5.38899 13.11648 15.20764 -2.00743 0
1097 29.7136 3 18.5640 9.8106 15.3478 4.360520402813178e-12 3.6092099982236374e-12 2.899092060626167e-12 2.2475777022646803e-12 1.6707030938828276e-12 1.1811866482835271e-12 7.864725390903153e-13 4.872264529820247e-13 2.7674625965765703e-13 1.4164072298491195e-13 6.404986218817582e-14 2.5052607619284066e-14 8.284537035061348e-15 2.255975433469332e-15 4.837725329540723e-16 7.629439777811614e-17 8.048954664275143e-18 5.030863177153811e-19 1.5961132735915808e-20 2.0943360893368752e-22 8.631015083249818e-25 7.712979265779297e-28 9.053891346676179e-32 7.162400138000754e-37 1.5532740335888584e-43 2.61630385388024e-52 2.5221039019132097e-63 4.928104495613748e-72 -5.089077072656355e-80 2.141974035791251e-89 -1.681489979998756e-97 -4.362486779203956e-105 4.165567515323564e-107 7.517690366092594e-107 1.3567339439954248e-106 2.448527280521823e-106 4.418910479827862e-106 7.974903928606022e-106 1.4392482708310828e-105 2.597442682237227e-105 -3.18250 1.77442 -0.03303 3.64374 10.75607 -17.21033 -0.17596 0
1098 4.5676 1 13.4680 16.0995 8.9667 1.5069777189336698e-13 1.4161307869733224e-13 1.3141826181600892e-13 1.201847890996594e-13 1.0805310241799746e-13 9.523800085896609e-14 8.20289028369211e-14 6.878313498988494e-14 5.5909404394455625e-14 4.3837830523672935e-14 3.297908618052938e-14 2.367152539657729e-14 1.6126237082052104e-14 1.0394798473171643e-14 6.329438917567631e-15 3.642095261771145e-15 1.9827578294350134e-15 1.0103170440677514e-15 4.70233455712272e-16 1.9317613610893616e-16 6.732275663436762e-17 1.9062463894274702e-17 4.163744713911991e-18 6.563325330254576e-19 6.840810284118948e-20 4.199121510508085e-21 1.3011848570666572e-22 1.6559112703580917e-24 6.56300913988889e-27 5.580563942546159e-30 6.147482108881002e-34 4.4412087989027954e-39 4.496995569968408e-40 8.11582579044733e-40 1.4646807459797647e-39 2.6433412237223443e-39 4.7704954436032735e-39 8.609416965620646e-39 1.5537602197546738e-38 2.8041048890214334e-38 0.46080 -4.69969 0.09610 4.72222 3.82936 6.91359 1.43796 0
1099 0.0021 2 3.1747 53.0247 70.6907 2.6321266994649322e-18 2.4463879451317913e-18 2.241412566929706e-18 2.0196308469579244e-18 1.7848805958024984e-18 1.5423628302393221e-18 1.29843682529305e-18 1.0602517474792059e-18 8.352299271622081e-19 6.304265429423058e-19 4.518881208781418e-19 3.039907004564896e-19 1.8885607144998987e-19 1.0617987215129555e-19 5.243790519971027e-20 2.17951372856445e-20 7.287412557840263e-21 1.8272043826123338e-21 3.065233426746725e-22 3.0359902567496953e-23 1.5219381188474986e-24 3.0498569973183724e-26 1.6857218121366178e-28 1.7424335557469154e-31 1.8990581599166466e-35 1.0876496961056598e-40 9.272230195675984e-48 3.6996666639757324e-57 9.51348261432153e-70 3.8900555037035185e-82 -2.739407601626403e-90 -6.651576092229237e-98 6.338848483616691e-100 1.1439857835002424e-99 2.064576044423726e-99 3.725985326641444e-99 6.724366821868445e-99 1.2135611171556398e-98 2.190140163505885e-98 3.952593625481497e-98 -8.25335 -12.19778 -1.49249 14.72765 9.16619 -114.13398 -9.37096 0
1100 0.7794 1 24.4564 6.3454 16.2129 1.3711969987883947e-15 1.3070019281009024e-15 1.2311456036300063e-15 1.1434448345251827e-15 1.0444051966761563e-15 9.353540099707478e-16 8.185190173422618e-16 6.970250600114073e-16 5.747794194408063e-16 4.562180680508522e-16 3.459419474926818e-16 2.4822769647525116e-16 1.6647212294955014e-16 1.0278400692750204e-16 5.7230800688045e-17 2.797188294589255e-17 1.169363075147656e-17 4.0524035583318234e-18 1.1355923786239885e-18 2.6968162352456863e-19 5.368355823356378e-20 7.400253769002814e-21 6.96097113594628e-22 4.176575535726826e-23 1.3150963077130025e-24 1.718713925769679e-26 7.049400604009504e-29 6.260185149170755e-32 7.326790080767043e-36 5.774038801038114e-41 1.217054615924263e-47 2.0678345639294954e-56 2.8499643686377936e-58 5.14339273076247e-58 9.282392816547687e-58 1.6752136364263808e-57 3.02329451374438e-57 5.456205416483639e-57 9.846932679408346e-57 1.777097374301007e-56 -2.11954 8.93902 0.05405 9.18687 17.56744 -6.92975 0.17630 0
1101 0.9248 1 38.2126 36.2037 18.7402 3.5467694006850277e-14 3.3168199018315496e-14 3.0583826796856054e-14 2.7736504710092527e-14 2.4668135276313494e-14 2.1441781729555676e-14 1.814089566618271e-14 1.4866091154035417e-14 1.1728981963681762e-14 8.842668208846764e-15 6.31005115907963e-15 4.210086791345111e-15 2.5845140518541528e-15 1.4313619063067754e-15 6.956124527351023e-16 2.860254758464078e-16 9.728687815099424e-17 2.8234484686451516e-17 7.365304333241202e-18 1.3142276235950773e-18 1.2723497295528973e-19 5.7992135847413485e-21 1.2770567002704186e-22 1.641926089230009e-24 8.724258678596397e-27 1.1322297429580738e-29 2.1881913751379815e-33 3.3363521685985797e-38 1.746995923310531e-44 1.008659174720928e-52 2.0902303196755698e-63 9.702671125843627e-72 -9.604980219436511e-74 -1.733431687196145e-73 -3.1283618971908355e-73 -5.645822810373055e-73 -1.0189139317529578e-72 -1.8388561511580133e-72 -3.3186237220589057e-72 -5.989192467108721e-72 -1.80672 -5.46144 0.41141 5.75253 3.55898 -30.73559 6.63812 0
1102 6.6646 2 1.1124 35.2773 20.2604 9.641757686506416e-11 8.184860959607992e-11 6.766707809397855e-11 5.4218134266076e-11 4.185134246162427e-11 3.089202033880942e-11 2.160414705457979e-11 1.4149567148870215e-11 8.552603174659652e-12 4.682136236324178e-12 2.2658688080126074e-12 9.389304767689284e-13 3.19272901508961e-13 8.502086929712016e-14 1.6595430443496044e-14 2.1957372721079122e-15 1.933002304789415e-16 1.0596437936922972e-17 3.1650007840946283e-19 4.173766959142999e-21 1.7692260001551448e-23 1.6443823988320783e-26 2.034009687455434e-30 1.7253146088410956e-35 4.1064154017517507e-42 7.837026125884405e-51 3.2995306711830247e-62 2.8272843832294578e-70 -2.428716650286382e-78 1.0648118848408262e-87 -8.298752589913505e-96 -2.1442731065472833e-103 2.0472415779802334e-105 3.694701437734524e-105 6.66790810660715e-105 1.2033718899197291e-104 2.17175144332608e-104 3.919407101908893e-104 7.073439309871989e-104 1.2765589888856963e-103 2.78026 -5.69613 -0.03003 6.33843 3.94873 44.75778 -0.43574 0
1103 2.9866 1 32.3616 13.9435 13.8723 2.8077881919582852e-14 2.592089326912795e-14 2.357180519811852e-14 2.106041834517235e-14 1.8430578239252848e-14 1.5740271143003846e-14 1.3060461554914607e-14 1.0472202240201475e-14 8.061365612638312e-15 5.910360556515027e-15 4.08777908665269e-15 2.6367293507492836e-15 1.5651984692785945e-15 8.440004873872258e-16 4.0770404549046634e-16 1.7447545109793812e-16 6.613560636166217e-17 2.200928825178786e-17 6.252132943569374e-18 1.4246674662986968e-18 2.400809593031933e-19 2.743760723673585e-20 1.8990195999973123e-21 6.873819791539328e-23 1.0712093869688602e-24 5.5353036077788765e-27 6.674006556464074e-30 1.1675355783417135e-33 1.5754339599193807e-38 6.959329156638784e-45 3.038263651828755e-53 -9.42634160728342e-64 1.423233336366452e-65 2.568540181414587e-65 4.635500374369122e-65 8.36578842575947e-65 1.5097920468638888e-64 2.7247545703578022e-64 4.917423882386549e-64 8.874581917258794e-64 -1.21059 -1.77251 -0.25826 2.14646 6.84042 -10.20100 -2.16370 0
1104 1.2647 1 37.7055 8.7857 17.5104 3.173713277567543e-15 2.9548134671814707e-15 2.7113105512178144e-15 2.445688608907636e-15 2.1621921025692874e-15 1.866890381097735e-15 1.5675722294026417e-15 1.2734280949783704e-15 9.944727220300577e-16 7.406629554286052e-16 5.20812963621432e-16 3.413291630088641e-16 2.0502839351956934e-16 1.1062692707643967e-16 5.2159167046441485e-17 2.0748416368356102e-17 6.8092403070775685e-18 1.865093435974846e-18 4.4087272231767475e-19 7.327013115135572e-20 7.438529212207139e-21 4.635651644798239e-22 1.769926621952937e-23 3.3554564286868344e-25 2.2945666852205652e-27 4.009565146508429e-30 1.1491756758844413e-33 2.965093839636244e-38 3.12832448626051e-44 4.601982814503037e-52 2.2276086959798197e-62 8.028496388690121e-72 -9.92887110582099e-74 -1.791884980469646e-73 -3.233853827904256e-73 -5.836206393956188e-73 -1.0532728714868619e-72 -1.9008644775808927e-72 -3.4305314984788013e-72 -6.191154867090934e-72 -0.81451 5.17365 0.38438 5.23737 13.70328 -3.40897 1.60739 0
1105 2.1034 1 47.7373 15.5935 17.3861 1.4982993808981567e-14 1.3697211507844595e-14 1.2316120591925932e-14 1.0861267077080817e-14 9.36194865235165e-15 7.85477175442974e-15 6.3823810834768894e-15 4.991135472660682e-15 3.727460235515973e-15 2.632695529481412e-15 1.7372085545193933e-15 1.0544731037994911e-15 5.772024758793669e-16 2.78496898879722e-16 1.1502297360662857e-16 3.950290415394342e-17 1.141760983004196e-17 2.8267027101712287e-18 5.12394755551839e-19 5.998639329585625e-20 4.472068398028082e-21 2.0366876388021233e-22 4.6657857112235915e-24 4.071383114938083e-26 9.817652660372961e-29 4.312696412248925e-32 1.9695245181704232e-36 4.3627906643244935e-42 1.7555649712581703e-49 3.3267822460340334e-59 -3.606868786603594e-69 -9.31760652941411e-77 8.729939108922671e-79 1.5755111132948506e-78 2.84335920004133e-78 5.13147223922289e-78 9.26087964599489e-78 1.6713311077093643e-77 3.016287629658461e-77 5.4435599402561674e-77 -2.34418 -1.26055 0.92793 2.66162 7.66589 -17.94233 6.95250 0
1106 0.8186 3 16.1916 14.1421 30.7294 2.5516092669359094e-12 2.1609842263644683e-12 1.7850225400515071e-12 1.432559703903607e-12 1.1117358077888882e-12 8.293658217735124e-13 5.903379576802242e-13 3.971003764406876e-13 2.4930618296837835e-13 1.4369377452574558e-13 7.437918725473927e-14 3.3552995230392637e-14 1.2643746657901838e-14 3.788840695136928e-15 8.330589118904178e-16 1.1812656474603978e-16 9.971328064663598e-18 4.2467933234886664e-19 6.1235010946483374e-21 2.207888371971103e-23 1.606151139416553e-26 1.2831215781907773e-30 2.7997989355537418e-36 1.3446934070979511e-43 3.5261034185015865e-53 1.0034446321309884e-65 7.11975246681227e-77 -2.0512195869721755e-85 1.3641626892106592e-93 -6.396413212696231e-103 4.9287351752836456e-111 1.2652375554995481e-118 -1.207755646918278e-120 -2.1796629050018424e-120 -3.933685089002575e-120 -7.099207103966437e-120 -1.2812093587742277e-119 -2.312226417642526e-119 -4.172925345752286e-119 -7.530969202823962e-119 -8.34873 3.88929 -0.04805 9.21020 14.93982 -33.97470 -0.18427 0
1107 0.2629 2 9.7349 23.3796 40.5655 4.041084054883286e-16 3.2033729659913365e-16 2.454848128812537e-16 1.8092101174774013e-16 1.274282749783451e-16 8.510618672357535e-17 5.335987253419314e-17 3.0989022538354605e-17 1.6365486414883424e-17 7.657161145606521e-18 3.0598716569122955e-18 9.915058396329959e-19 2.416789860944781e-19 4.083935964600727e-20 4.1494050261950345e-21 2.001759495432782e-22 4.169481928846179e-24 2.8632769742556224e-26 3.0267402896494053e-29 2.975153460619139e-33 2.4144092222295044e-38 5.272900181659236e-45 2.11117046339277e-54 5.76253058657412e-67 -6.607178654763571e-78 -7.739661739393656e-86 1.7766367537560153e-93 -5.8268116492564685e-102 3.984667021972261e-110 -1.8538889112973643e-119 1.4303587839808494e-127 3.6745618504601963e-135 -3.507696168469547e-137 -6.3304156266532455e-137 -1.1424638874483996e-136 -2.061829445492117e-136 -3.7210284797648106e-136 -6.715421092415355e-136 -1.2119466618892309e-135 -2.1872265209450284e-135 11.77665 -6.59659 -0.03904 13.49832 11.92955 80.81895 -0.18750 0
1108 31.4404 2 19.7090 10.4115 16.0748 2.4336228719943558e-11 1.9948875875348493e-11 1.584401575309392e-11 1.212235510540825e-11 8.872260550066884e-12 6.15830985759567e-12 4.010755629469084e-12 2.4185939452573595e-12 1.328626094091541e-12 6.520738012981645e-13 2.79662694449819e-13 1.0233938418097111e-13 3.115290339700534e-14 7.665008613237778e-15 1.4509852117944621e-15 1.958050901897951e-16 1.6940173801462226e-17 8.201211375460302e-19 1.8673892125187046e-20 1.5875603867639005e-22 3.6933422400228404e-25 1.547198520760661e-28 6.619958175071071e-33 1.3643099419159456e-38 4.91963773241757e-46 7.638153179547827e-56 2.9946262648323535e-65 -8.614316140514472e-74 5.716940814989001e-82 -2.682383579985383e-91 2.0666832474209693e-99 5.3049796152165925e-107 -5.063956198948506e-109 -9.13903197850173e-109 -1.6493409939331685e-108 -2.9766015926715554e-108 -5.371937685466767e-108 -9.694852871001024e-108 -1.7496512002482464e-107 -3.157633605443301e-107 -3.56824 1.49774 0.01802 3.86983 10.61543 -19.64172 0.09725 0
1109 0.4270 2 31.1597 87.0107 38.7308 5.9528715884999476e-15 4.596107997322469e-15 3.418900174176862e-15 2.4369133997096698e-15 1.6534641472384187e-15 1.0591664595331926e-15 6.335609141974018e-16 3.485082171180898e-16 1.7244780846045385e-16 7.433473023701491e-17 2.6670079478350687e-17 7.469354479289074e-18 1.4897776468297566e-18 1.91877335192855e-19 1.3443776417660459e-20 3.8618167904453667e-22 4.0786337935719016e-24 1.1440888477831266e-26 3.423293392203957e-30 5.964643165592057e-35 5.476929037554889e-41 1.2246500522096877e-48 2.0494667815217327e-59 -5.977918608863518e-73 -2.092542796310532e-82 -2.910764317696418e-90 6.291019874139244e-98 -2.065911306656995e-106 1.4131330434640133e-114 -6.574220462650152e-124 5.0723665644763894e-132 1.3030891637509187e-139 -1.2439147704980437e-141 -2.2449200623956394e-141 -4.051456101392428e-141 -7.311751013527677e-141 -1.319567620773399e-140 -2.3814524080100902e-140 -4.297858997398797e-140 -7.756439683359624e-140 2.02610 -10.79313 0.05405 10.98165 3.06046 138.53768 1.01201 0
