skymodel/snr/OUTPUT_FILES_1/ctadc_skymodel_gps_sources_pevatron_0.ecsv
# %ECSV 0.9
# ---
# datatype:
# - name: Num_SNR
#   unit: ''
#   datatype: float64
#   format: '%i'
#   description: Simulation number
# - name: n0
#   unit: 1 / cm3
#   datatype: float64
#   format: '%0.4f'
#   description: density
# - name: type
#   unit: ''
#   datatype: float64
#   format: '%i'
#   description: type of progenitor
# - name: agekyr
#   unit: kyear
#   datatype: float64
#   format: '%0.4f'
#   description: age of the SNR
# - name: sigma
#   unit: arcmin
#   datatype: float64
#   format: '%0.4f'
#   description: apparent size of the SNR
# - name: SNR_radiuspc
#   unit: pc
#   datatype: float64
#   format: '%0.4f'
#   description: SNR Radius
# - name: '0.1'
#   unit: TeV / (cm2 s)
#   datatype: float64
#   description: Differential spectrum
# - name: '0.13433993325989002'
#   unit: TeV / (cm2 s)
#   datatype: float64
#   description: Differential spectrum
# - name: '0.18047217668271703'
#   datatype: float64
# - name: '0.24244620170823283'
#   datatype: float64
# - name: '0.3257020655659783'
#   datatype: float64
# - name: '0.43754793750741844'
#   datatype: float64
# - name: '0.5878016072274912'
#   datatype: float64
# - name: '0.7896522868499725'
#   datatype: float64
# - name: '1.0608183551394483'
#   datatype: float64
# - name: '1.4251026703029979'
#   datatype: float64
# - name: '1.9144819761699576'
#   datatype: float64
# - name: '2.5719138090593443'
#   datatype: float64
# - name: '3.455107294592218'
#   datatype: float64
# - name: '4.6415888336127775'
#   datatype: float64
# - name: '6.235507341273912'
#   datatype: float64
# - name: '8.376776400682916'
#   datatype: float64
# - name: '11.253355826007645'
#   datatype: float64
# - name: '15.117750706156615'
#   datatype: float64
# - name: '20.309176209047347'
#   datatype: float64
# - name: '27.283333764867667'
#   datatype: float64
# - name: '36.65241237079626'
#   datatype: float64
# - name: '49.238826317067364'
#   datatype: float64
# - name: '66.14740641230146'
#   datatype: float64
# - name: '88.86238162743399'
#   datatype: float64
# - name: '119.37766417144357'
#   datatype: float64
# - name: '160.37187437513293'
#   datatype: float64
# - name: '215.44346900318823'
#   datatype: float64
# - name: '289.4266124716749'
#   datatype: float64
# - name: '388.81551803080856'
#   datatype: float64
# - name: '522.3345074266838'
#   datatype: float64
# - name: '701.7038286703822'
#   datatype: float64
# - name: '942.6684551178845'
#   datatype: float64
# - name: '1266.380173467402'
#   datatype: float64
# - name: '1701.2542798525858'
#   datatype: float64
# - name: '2285.4638641349884'
#   datatype: float64
# - name: '3070.2906297578497'
#   datatype: float64
# - name: '4124.626382901348'
#   datatype: float64
# - name: '5541.020330009481'
#   datatype: float64
# - name: '7443.803013251681'
#   datatype: float64
# - name: '10000.0'
#   datatype: float64
# - name: galactocentric_x
#   unit: kpc
#   datatype: float64
#   format: '%0.5f'
#   description: Galactocentric X
# - name: galactocentric_y
#   unit: kpc
#   datatype: float64
#   format: '%0.5f'
#   description: Galactocentric Y
# - name: galactocentric_z
#   unit: kpc
#   datatype: float64
#   format: '%0.5f'
#   description: Galactocentric Y
# - name: galactocentric_r
#   unit: kpc
#   datatype: float64
#   format: '%0.5f'
[...]
#   - 1.0608183551394483
#   - 1.4251026703029979
#   - 1.9144819761699576
#   - 2.5719138090593443
#   - 3.455107294592218
#   - 4.6415888336127775
#   - 6.235507341273912
#   - 8.376776400682916
#   - 11.253355826007645
#   - 15.117750706156615
#   - 20.309176209047347
#   - 27.283333764867667
#   - 36.65241237079626
#   - 49.238826317067364
#   - 66.14740641230146
#   - 88.86238162743399
#   - 119.37766417144357
#   - 160.37187437513293
#   - 215.44346900318823
#   - 289.4266124716749
#   - 388.81551803080856
#   - 522.3345074266838
#   - 701.7038286703822
#   - 942.6684551178845
#   - 1266.380173467402
#   - 1701.2542798525858
#   - 2285.4638641349884
#   - 3070.2906297578497
#   - 4124.626382901348
#   - 5541.020330009481
#   - 7443.803013251681
#   - 10000.0
# schema: astropy-2.0
Num_SNR n0 type agekyr sigma SNR_radiuspc 0.1 0.13433993325989002 0.18047217668271703 0.24244620170823283 0.3257020655659783 0.43754793750741844 0.5878016072274912 0.7896522868499725 1.0608183551394483 1.4251026703029979 1.9144819761699576 2.5719138090593443 3.455107294592218 4.6415888336127775 6.235507341273912 8.376776400682916 11.253355826007645 15.117750706156615 20.309176209047347 27.283333764867667 36.65241237079626 49.238826317067364 66.14740641230146 88.86238162743399 119.37766417144357 160.37187437513293 215.44346900318823 289.4266124716749 388.81551803080856 522.3345074266838 701.7038286703822 942.6684551178845 1266.380173467402 1701.2542798525858 2285.4638641349884 3070.2906297578497 4124.626382901348 5541.020330009481 7443.803013251681 10000.0 galactocentric_x galactocentric_y galactocentric_z galactocentric_r distance glon glat skip
[from data line 208]
207 1.8605 1 11.8583 7.6392 10.1907 1.2160850669180312e-14 1.1645185559700235e-14 1.1029998576804184e-14 1.031227408207055e-14 9.494457059344821e-15 8.585612433465656e-15 7.602200299711219e-15 6.568255336960826e-15 5.514728469792857e-15 4.477733350148069e-15 3.4958990349731456e-15 2.6066040567304873e-15 1.8414705587912937e-15 1.2228014402574138e-15 7.567204534023158e-16 4.3352631750630323e-16 2.3035080167950606e-16 1.1401932019792185e-16 5.2661285727032864e-17 2.2426260022058468e-17 8.474320074016371e-18 2.6960961036577553e-18 6.838364434476926e-19 1.30176969382561e-19 1.7245233773618864e-20 1.4397948935819217e-21 6.642105083461773e-23 1.420432146690154e-24 1.1130741737454512e-26 2.329360375345822e-29 8.491774846591727e-33 3.0301012387771315e-37 4.466962185410085e-38 8.061623887603432e-38 1.4548988105931815e-37 2.62568755200848e-37 4.738635477996841e-37 8.551918592200358e-37 1.5433833631477983e-36 2.7853775500317604e-36 -4.35756 -0.43064 -0.14715 4.37879 9.17194 -28.36963 -0.91925 0
208 0.2267 2 6.9348 23.0399 40.5655 2.8840697347043345e-16 2.363188786705219e-16 1.8803796749120392e-16 1.4462503445272753e-16 1.0691542340874616e-16 7.543751878023693e-17 5.0352371344549176e-17 3.142924436004804e-17 1.8068176223359892e-17 9.371171822356822e-18 4.262874222917651e-18 1.6350143453205874e-18 4.995527917501409e-19 1.140755442089991e-19 1.746103126350965e-20 1.4966863500567509e-21 6.593977899196473e-23 1.208336468396e-24 5.184940371930234e-27 3.513968976739439e-30 3.1858793795238985e-34 1.6878749686027666e-39 6.842626420130551e-47 9.764226745731865e-57 8.693532600562656e-70 8.841609400114118e-80 -2.0302297958004085e-87 6.656332068595715e-96 -4.551657332960427e-104 2.117719744334837e-113 -1.633911583796972e-121 -4.19747799208274e-129 4.0068659563661467e-131 7.231278208212739e-131 1.3050445184344533e-130 2.3552422490971448e-130 4.250556953096588e-130 7.671072654391975e-130 1.3844151794293902e-129 2.498484208642168e-129 -6.71936 1.51244 -1.06907 6.88747 12.10544 -33.86559 -5.06657 0
209 2.0646 2 4.6697 71.7641 25.5359 2.691935573003627e-10 2.3324195767244203e-10 1.9754358138233016e-10 1.6294214962834896e-10 1.303062043434492e-10 1.0047098194186001e-10 7.417073062446492e-11 5.1965006307950284e-11 3.416542185070504e-11 2.077404529292709e-11 1.1460626042383341e-11 5.591422245333705e-12 2.3282478610025744e-12 7.931958020713068e-13 2.067772636608124e-13 3.713727637208075e-14 4.2554326839773074e-15 2.6941038939050146e-16 6.866677774899391e-18 5.42301069892248e-20 1.0575550298732958e-22 3.0537149660565796e-26 4.58848924326655e-31 2.423397770119986e-37 3.738133389990675e-45 5.092993921618767e-55 2.0146923981722892e-64 -5.792948880042481e-73 3.84412437703054e-81 -1.8037126154076152e-90 1.3896910740983336e-98 3.5671949989114943e-106 -3.4051248198550113e-108 -6.145302881155775e-108 -1.1090561873367571e-107 -2.0015378419210016e-107 -3.612218910443104e-107 -6.519050094221382e-107 -1.1765071604078064e-106 -2.1232680812159982e-106 1.66962 -6.71333 0.07508 6.91784 2.44652 43.06049 1.75848 0
210 0.6687 2 13.3012 22.4222 33.7097 1.3606723487784584e-15 1.115557168353118e-15 8.882145685814919e-16 6.836491750790002e-16 5.058156133218937e-16 3.5723428358574467e-16 2.3870459415321306e-16 1.4918486996079862e-16 8.589169403594061e-17 4.462791595561712e-17 2.0345736110875256e-17 7.825511361301598e-18 2.399806295225055e-18 5.50673865678938e-19 8.484266918246167e-20 7.339343150840743e-21 3.2722075474972687e-22 6.089988483567291e-24 2.672070897219381e-26 1.8675108090321684e-29 1.7592604720203496e-33 9.80041528767634e-39 4.275959989434867e-46 6.738355282116606e-56 1.364293624188914e-68 5.489032205291224e-79 -1.259196798223789e-86 4.1283657999186525e-95 -2.823006376448569e-103 1.3134423863829753e-112 -1.0133770225403887e-120 -2.603340084913023e-128 2.4851195795451696e-130 4.4849493983735456e-130 8.094085802363175e-130 1.460757283009161e-129 2.636260464697944e-129 4.757716643666282e-129 8.586354787220462e-129 1.5495981382197476e-128 5.01428 0.46440 -1.15916 5.03573 10.33668 29.22067 -6.43871 0
211 14.0287 1 9.4984 4.0261 6.2305 5.4168896265044864e-14 5.0352287313328275e-14 4.6219021130773786e-14 4.1815382948534623e-14 3.720781040251473e-14 3.2483436244005177e-14 2.7749169478188813e-14 2.3128345692067303e-14 1.8753486475100447e-14 1.475375510256372e-14 1.1238893874677204e-14 8.28137087083044e-15 5.902915906488052e-15 4.074122471626149e-15 2.7184588351098033e-15 1.7426509418033523e-15 1.0598610643547712e-15 5.996060974743195e-16 3.08562975918556e-16 1.4103638228047338e-16 5.572401993510465e-17 1.840780251071488e-17 4.872337132432942e-18 9.78030580824271e-19 1.3856361022332912e-19 1.2605474538170583e-20 6.495981334701204e-22 1.6043261203445804e-23 1.5181715101628332e-25 4.074328774457507e-28 2.0658375907847398e-31 1.1441454704717664e-35 1.870699639113887e-36 3.376092357904558e-36 6.092907365129232e-36 1.099600254511033e-35 1.9844725141247534e-35 3.5814207419111743e-35 6.463467969093421e-35 1.166476133301313e-34 3.76538 1.45120 -0.06607 4.03535 10.63997 20.72586 -0.35577 0
212 0.0059 4 9.1467 53.8202 70.6907 3.030920486045084e-17 3.093136153430523e-17 3.148813543360147e-17 3.193458462757413e-17 3.221924498917128e-17 3.2285678873556256e-17 3.207501646483113e-17 3.152963713496748e-17 3.059799351312185e-17 2.924033652629797e-17 2.743565903838207e-17 2.518869487801096e-17 2.253623243002029e-17 1.9556348761158288e-17 1.6359995552207808e-17 1.309206886996743e-17 9.934832917697182e-18 7.06252850932562e-18 4.625368726791007e-18 2.738045615368013e-18 1.4344685921878596e-18 6.536058846024284e-19 2.5966154583103357e-19 9.297173456097727e-20 3.1299321425495774e-20 6.809283252520156e-21 7.63782918484973e-22 3.475171727839302e-23 4.546624652494455e-25 2.7786133883404726e-35 1.1775411197139817e-39 2.3717483487814853e-45 1.7797958203659723e-46 3.2120362575224844e-46 5.796831749788921e-46 1.0461668437478919e-45 1.8880400746446958e-45 3.407387019353271e-45 6.149385521831212e-45 1.1097929903860669e-44 8.93170 -8.83291 -1.29129 12.56168 9.03070 92.13460 -8.22084 0
213 0.0768 3 14.0362 29.5265 48.8156 2.7728717577426164e-12 2.2365499849921e-12 1.7480389168639647e-12 1.3173706802637071e-12 9.515785291895763e-13 6.539265457261803e-13 4.2349576743470775e-13 2.5528383086501204e-13 1.408708286519236e-13 6.954437123296109e-14 2.975032104344574e-14 1.0543873840637835e-14 2.9009408189779818e-15 5.766299248351853e-16 7.312843260158686e-17 4.8144277503216676e-18 1.5049324097953661e-19 1.7610328388431647e-21 3.974108003572028e-24 1.1095971545760327e-27 3.329245593140713e-32 4.116882963906725e-38 2.004842172397164e-46 1.6461317798241132e-57 -2.015328576689902e-71 -2.346381424734812e-79 5.34767039985308e-87 -1.753845913455574e-95 1.1993653788202238e-103 -5.58011882228e-113 4.305312524427723e-121 1.1060257324761457e-128 -1.055799949829214e-130 -1.9054251508718136e-130 -3.4387622448383128e-130 -6.206009074203179e-130 -1.120011966134139e-129 -2.0213099743891723e-129 -3.647902108285015e-129 -6.583448338076707e-129 8.48312 -0.99540 0.96396 8.54132 11.36713 48.50240 4.86468 0
214 44.3325 3 15.0825 9.6616 13.9909 7.955996401000748e-12 6.5791164707454195e-12 5.2814928124838574e-12 4.09417600701021e-12 3.0453049888665686e-12 2.1567252676174247e-12 1.4407190622522e-12 8.975609622361447e-13 5.145941519606015e-13 2.6744069531336284e-13 1.239467806093723e-13 5.031660563216432e-14 1.750363223620627e-14 5.0566063436616855e-15 1.1537621990717758e-15 1.9408159839925015e-16 2.2042508881485223e-17 1.5114500660675728e-18 5.405279010576791e-20 8.292625782750094e-22 4.197478442506206e-24 4.923389236417958e-27 8.298585905652371e-31 1.0629914255354814e-35 4.384234835208937e-42 1.751461219546955e-50 -2.108658988785186e-61 1.6610216357504829e-69 -1.2254210130849743e-77 5.58162767102044e-87 -4.321680127702552e-95 -1.112488359064749e-102 1.0620317422021433e-104 1.9166718022135864e-104 3.459059321318727e-104 6.242639649930338e-104 1.1266227658687603e-103 2.0332406285663786e-103 3.669433619571108e-103 6.622306725167402e-103 1.99982 1.25349 0.00901 2.36019 9.95640 11.58710 0.05184 0
215 0.0226 2 15.7595 35.1708 64.4409 2.4908377191791816e-17 1.91474906406582e-17 1.4173535615100852e-17 1.0047513488423446e-17 6.7761600395202185e-18 4.3115808135988205e-18 2.5596380122256586e-18 1.395668942267777e-18 6.831983848028802e-19 2.9042016549643857e-19 1.0226045399871551e-19 2.791029575003915e-20 5.3715168289736654e-21 6.59104824200276e-22 4.322025210094571e-23 1.1324600958568257e-24 1.0601407782689316e-26 2.5358426560963923e-29 6.068765955283307e-33 7.7914039122443e-38 4.851901056857939e-44 3.407788970763728e-52 1.0364072550161502e-63 -4.9085491148459366e-76 -1.7069140413615556e-86 -5.175529948452663e-94 9.113486730761013e-102 -3.0075748546433286e-110 2.0592520205588155e-118 -9.577548073792898e-128 7.389926943915084e-136 1.8985185005725187e-143 -1.8123065063767445e-145 -3.270709000220609e-145 -5.902719725655678e-145 -1.0652766772370925e-144 -1.9225280071030984e-144 -3.4696281417538164e-144 -6.26171343021923e-144 -1.1300650525150695e-143 9.74763 -0.61418 1.22222 9.76696 12.59746 51.02719 5.56767 0
216 0.7152 3 4.4844 14.7933 30.7294 5.993686394317318e-16 5.213095269797777e-16 4.4368427620798735e-16 3.683017003162986e-16 2.970013626232579e-16 2.3152864729271554e-16 1.7340324023936345e-16 1.2378985194783976e-16 8.33782172882476e-17 5.2279908757564665e-17 2.9979455843601075e-17 1.5351049121693936e-17 6.790255311342511e-18 2.494015222479859e-18 7.149176438181486e-19 1.45345949363615e-19 1.947740378559352e-20 1.504688270819108e-21 5.050378193077703e-23 5.780333216382617e-25 1.7988203908985618e-27 9.474881868141678e-31 3.21801500854678e-35 3.7603053577124433e-41 4.8853077153614415e-49 2.377449258911704e-59 -1.2880363218213713e-73 9.712869972369711e-82 -6.763703830859435e-90 3.1311626060252276e-99 -2.4178513757252014e-107 -6.2143954886817e-115 5.9322760284516495e-117 1.070610767537371e-116 1.932154555974241e-116 3.4870013840410055e-116 6.293067298735259e-116 1.1357235534135763e-115 2.049665017943785e-115 3.699075072587359e-115 -9.77331 1.91444 -0.01502 9.95905 14.28210 -43.18101 -0.06024 0
217 1.0172 2 19.6108 13.7961 32.1850 1.3049865277509944e-12 1.0578139884890134e-12 8.314369352953001e-13 6.30619174512096e-13 4.588417991741899e-13 3.179351074337224e-13 2.0785314715503337e-13 1.2666446392244494e-13 7.07950581957397e-14 3.549409355507628e-14 1.5480523659052718e-14 5.625623206203398e-15 1.6004053591643797e-15 3.3258104171351375e-16 4.4806609983869146e-17 3.211113821124551e-18 1.121054990263649e-19 1.5160392632884724e-21 4.207560817005407e-24 1.5626848369838766e-27 6.695076898028029e-32 1.3244772470799334e-37 1.3660519696643146e-45 7.29838901982408e-56 1.2747777796490217e-69 5.789600230341782e-79 -1.3581412896399402e-86 4.453033704360103e-95 -3.0450444468117295e-103 1.4167452032534019e-112 -1.0930800159888466e-120 -2.808095730957357e-128 2.6805770672142327e-130 4.837695780859255e-130 8.73069487700468e-130 1.575647508405684e-129 2.843605355266729e-129 5.131916480916165e-129 9.261681378648512e-129 1.671475798146488e-128 -7.01011 5.92698 -0.02102 9.17991 16.03994 -25.91524 -0.07509 0
218 41.7272 2 16.4549 16.4107 14.6536 4.291286042745611e-11 3.534259395656593e-11 2.82347969197593e-11 2.1760674403020656e-11 1.6072743343201737e-11 1.1285943874291277e-11 7.459887915147819e-12 4.5863009262951145e-12 2.585471221365999e-12 1.3148500073249981e-12 5.925698256903366e-13 2.321622306234042e-13 7.729834118805921e-14 2.118988938815543e-14 4.5408914218727456e-15 7.073030922684179e-16 7.29060092542549e-17 4.414265384957391e-18 1.3436051333941049e-19 1.670008767218627e-21 6.408586763837709e-24 5.2110348186584594e-27 5.394728063281223e-31 3.6098538601862765e-36 6.2618592859311845e-43 7.816627163487738e-52 2.0854129648125213e-62 -2.6823083028346387e-71 1.2669852983049294e-79 -6.637027534185984e-89 5.025736868913414e-97 1.2770228801383423e-104 -1.2186417123679174e-106 -2.199309224273912e-106 -3.969141229030916e-106 -7.1631955716432555e-106 -1.2927574968184548e-105 -2.333067593737268e-105 -4.210537869896744e-105 -7.598849343852777e-105 -0.57570 -2.38772 -0.02102 2.45614 6.13937 -5.38063 -0.19618 0
219 25.9765 2 3.2955 8.3268 15.3478 2.618827196560623e-11 2.1885458232125443e-11 1.7776515069935287e-11 1.3961337898960219e-11 1.0536140909526693e-11 7.582720018561003e-12 5.15662033461414e-12 3.2768120517621976e-12 1.9198069667088496e-12 1.0207625580574077e-12 4.838424994732557e-13 2.0053399466961435e-13 7.117194456064089e-14 2.112837084197326e-14 5.0434296538349196e-15 9.111444941326447e-16 1.1442362374603438e-16 8.949974390894467e-18 3.7962769450612966e-19 7.275473117902896e-21 4.932461565051475e-23 8.512252171631951e-26 2.396962242201029e-29 6.080451794893752e-34 6.238450796600577e-40 8.486331702163295e-48 1.1415902854424505e-58 8.546423353453926e-67 -6.134353608180594e-75 2.812422701340511e-84 -2.1750621667687184e-92 -5.595399522039858e-100 5.3415211450467955e-102 9.639959478433523e-102 1.739744470206091e-101 3.139754714098142e-101 5.666383675031123e-101 1.0226245957522783e-100 1.8455528672469764e-100 3.33070943135092e-100 1.71709 4.05598 -0.00601 4.40447 12.67285 7.78717 -0.02715 0
220 0.9003 1 5.3226 4.2150 8.5179 3.0032220843476124e-15 2.957728064061155e-15 2.89050783935943e-15 2.7979468819048847e-15 2.67709900790274e-15 2.526135557144634e-15 2.3448126614000587e-15 2.134896872873417e-15 1.900463849028566e-15 1.6479643491326428e-15 1.386045241092552e-15 1.1250121596804083e-15 8.759537259576962e-16 6.499498750880374e-16 4.55900949565415e-16 2.9972028482559007e-16 1.8380054870613815e-16 1.049777982518434e-16 5.617620226337e-17 2.8654922808712447e-17 1.4056127180017653e-17 6.494401190550144e-18 2.7009082187703482e-18 9.622069374636596e-19 2.803313991852423e-19 6.34756467766875e-20 1.0474425596882647e-20 1.1578472528245104e-21 7.670387009838943e-23 2.6259897533080954e-24 3.8106818490139983e-26 1.7963100596222422e-28 8.372722321548802e-29 1.5110434221298814e-28 2.7270129545388187e-28 4.921499637475889e-28 8.881937521184743e-28 1.602942597608104e-27 2.8928653968778362e-27 5.220817150246563e-27 2.55044 5.15624 -0.24625 5.75253 13.89454 10.57869 -1.01548 0
