skymodel/snr/OUTPUT_FILES_1/ctadc_skymodel_gps_sources_pevatron_0.ecsv
# %ECSV 0.9
# ---
# datatype:
# - {name: Num_SNR, unit: '', datatype: float64, format: '%i', description: Simulation number}
# - {name: n0, unit: 1 / cm3, datatype: float64, format: '%0.4f', description: density}
# - {name: type, unit: '', datatype: float64, format: '%i', description: type of progenitor}
# - {name: agekyr, unit: kyear, datatype: float64, format: '%0.4f', description: age of the SNR}
# - {name: sigma, unit: arcmin, datatype: float64, format: '%0.4f', description: apparent size of the SNR}
# - {name: SNR_radiuspc, unit: pc, datatype: float64, format: '%0.4f', description: SNR Radius}
# - {name: '0.1', unit: TeV / (cm2 s), datatype: float64, description: Differential spectrum}
# - {name: '0.13433993325989002', unit: TeV / (cm2 s), datatype: float64, description: Differential spectrum}
# - {name: '0.18047217668271703', datatype: float64}
# - {name: '0.24244620170823283', datatype: float64}
# - {name: '0.3257020655659783', datatype: float64}
# - {name: '0.43754793750741844', datatype: float64}
# - {name: '0.5878016072274912', datatype: float64}
# - {name: '0.7896522868499725', datatype: float64}
# - {name: '1.0608183551394483', datatype: float64}
# - {name: '1.4251026703029979', datatype: float64}
# - {name: '1.9144819761699576', datatype: float64}
# - {name: '2.5719138090593443', datatype: float64}
# - {name: '3.455107294592218', datatype: float64}
# - {name: '4.6415888336127775', datatype: float64}
# - {name: '6.235507341273912', datatype: float64}
# - {name: '8.376776400682916', datatype: float64}
# - {name: '11.253355826007645', datatype: float64}
# - {name: '15.117750706156615', datatype: float64}
# - {name: '20.309176209047347', datatype: float64}
# - {name: '27.283333764867667', datatype: float64}
# - {name: '36.65241237079626', datatype: float64}
# - {name: '49.238826317067364', datatype: float64}
# - {name: '66.14740641230146', datatype: float64}
# - {name: '88.86238162743399', datatype: float64}
# - {name: '119.37766417144357', datatype: float64}
# - {name: '160.37187437513293', datatype: float64}
# - {name: '215.44346900318823', datatype: float64}
# - {name: '289.4266124716749', datatype: float64}
# - {name: '388.81551803080856', datatype: float64}
# - {name: '522.3345074266838', datatype: float64}
# - {name: '701.7038286703822', datatype: float64}
# - {name: '942.6684551178845', datatype: float64}
# - {name: '1266.380173467402', datatype: float64}
# - {name: '1701.2542798525858', datatype: float64}
# - {name: '2285.4638641349884', datatype: float64}
# - {name: '3070.2906297578497', datatype: float64}
# - {name: '4124.626382901348', datatype: float64}
# - {name: '5541.020330009481', datatype: float64}
# - {name: '7443.803013251681', datatype: float64}
# - {name: '10000.0', datatype: float64}
# - {name: galactocentric_x, unit: kpc, datatype: float64, format: '%0.5f', description: Galactocentric X}
# - {name: galactocentric_y, unit: kpc, datatype: float64, format: '%0.5f', description: Galactocentric Y}
# - {name: galactocentric_z, unit: kpc, datatype: float64, format: '%0.5f', description: Galactocentric Y}
# - {name: galactocentric_r, unit: kpc, datatype: float64, format: '%0.5f', description: Galactocentric radius in the xy plan}
# - {name: distance, unit: kpc, datatype: float64, format: '%.5f', description: Distance from Earth}
[...]
#     0.7896522868499725, 1.0608183551394483, 1.4251026703029979, 1.9144819761699576, 2.5719138090593443, 3.455107294592218, 4.6415888336127775,
#     6.235507341273912, 8.376776400682916, 11.253355826007645, 15.117750706156615, 20.309176209047347, 27.283333764867667, 36.65241237079626,
#     49.238826317067364, 66.14740641230146, 88.86238162743399, 119.37766417144357, 160.37187437513293, 215.44346900318823, 289.4266124716749,
#     388.81551803080856, 522.3345074266838, 701.7038286703822, 942.6684551178845, 1266.380173467402, 1701.2542798525858, 2285.4638641349884,
#     3070.2906297578497, 4124.626382901348, 5541.020330009481, 7443.803013251681, 10000.0]
# schema: astropy-2.0
Num_SNR n0 type agekyr sigma SNR_radiuspc 0.1 0.13433993325989002 0.18047217668271703 0.24244620170823283 0.3257020655659783 0.43754793750741844 0.5878016072274912 0.7896522868499725 1.0608183551394483 1.4251026703029979 1.9144819761699576 2.5719138090593443 3.455107294592218 4.6415888336127775 6.235507341273912 8.376776400682916 11.253355826007645 15.117750706156615 20.309176209047347 27.283333764867667 36.65241237079626 49.238826317067364 66.14740641230146 88.86238162743399 119.37766417144357 160.37187437513293 215.44346900318823 289.4266124716749 388.81551803080856 522.3345074266838 701.7038286703822 942.6684551178845 1266.380173467402 1701.2542798525858 2285.4638641349884 3070.2906297578497 4124.626382901348 5541.020330009481 7443.803013251681 10000.0 galactocentric_x galactocentric_y galactocentric_z galactocentric_r distance glon glat skip
[from data line 604]
603 0.0552 2 20.2618 29.1183 56.0867 3.64461312329902e-17 2.6614059339553656e-17 1.861129768798002e-17 1.2395222098695986e-17 7.807739345012657e-18 4.60623793122154e-18 2.5075405672512964e-18 1.230701042508733e-18 5.2580410767771e-19 1.8587837070219474e-19 5.071699275294774e-20 9.720318281969486e-21 1.1482253421457505e-21 7.28268933609156e-23 1.9475765966594598e-24 1.4828881786891082e-26 2.741598242755226e-29 7.666234178613845e-33 9.210582287912304e-38 2.0065957838016797e-44 7.069801020098687e-53 4.488732474580008e-64 -6.661734591597079e-76 2.681217547387043e-84 -1.340208940657866e-93 -1.4578740166627834e-101 3.457131160851508e-109 -1.1331290634017863e-117 7.747956377702078e-126 -3.60490272077849e-135 2.7813290612303964e-143 7.14515302231099e-151 -6.820683535040038e-153 -1.2309436040326424e-152 -2.2215107159343997e-152 -4.00920874428663e-152 -7.235506288567892e-152 -1.305807569299332e-151 -2.356619343602187e-151 -4.2530422255248356e-151 -9.88105 0.29008 -0.69670 9.88531 13.24334 -48.34404 -3.01557 0
604 0.0299 2 25.4904 28.7844 64.4409 1.3437498363002173e-13 9.299430013050841e-14 6.136058231155183e-14 3.837875054954838e-14 2.255529570582511e-14 1.2275753486089408e-14 6.04064438644106e-15 2.589565040629334e-15 9.167827058877844e-16 2.491673869359083e-16 4.722627225699074e-17 5.4945350178933785e-18 3.2906359234487955e-19 8.406783024749645e-21 6.591972412825054e-23 9.366252844177284e-26 1.9156174295332254e-29 2.8885323244465587e-34 6.027757230616165e-41 5.337309764826339e-50 1.741071603311682e-61 8.588151909792496e-73 -3.9305756585015752e-81 1.5239654240934446e-89 -7.709383952352275e-99 -8.361801807851832e-107 1.984824429405738e-114 -6.505430082924974e-123 4.44817541501463e-131 -2.0696114178910153e-140 1.5967890589828167e-148 4.1021039214416163e-156 -3.915822725502075e-158 -7.066970507750078e-158 -1.2753915500862251e-157 -2.30172689166806e-157 -4.1539766226847836e-157 -7.496772029850429e-157 -1.3529587663212205e-156 -2.4417141351995464e-156 -7.67701 4.77212 -1.35736 9.03934 15.39247 -30.04644 -5.05910 0
605 0.0980 3 11.5639 50.0728 46.6077 7.863925498356098e-12 6.347336495688245e-12 4.964877592226985e-12 3.745042454200166e-12 2.707930803873041e-12 1.863057709450401e-12 1.2081516416936595e-12 7.293872667088768e-13 4.0321306442076433e-13 1.9948883354894626e-13 8.557194797142564e-14 3.043521113472046e-14 8.413392316737275e-15 1.6829392130066268e-15 2.1527100898355786e-16 1.434422823029851e-17 4.55479321939088e-19 5.440655461800273e-21 1.2644004308277139e-23 3.676248461703322e-27 1.1602824463439336e-31 1.5339347652668842e-37 8.22986761254189e-46 7.608796504715359e-57 -7.287215297257705e-71 -7.06371890549546e-79 1.604865528882765e-86 -5.263496513207733e-95 3.5994501126542867e-103 -1.6746637339678868e-112 1.2920785943587424e-120 3.3193230876002257e-128 -3.1685891722931646e-130 -5.7184218493703515e-130 -1.0320160383458773e-129 -1.8625018081175522e-129 -3.361297553864701e-129 -6.066206860242537e-129 -1.0947815562756034e-128 -1.9757761045315104e-128 6.10713 -6.68479 0.60360 9.05447 6.39972 73.44657 5.41203 0
606 0.4330 2 25.3081 79.4706 38.7308 4.692643800084717e-15 3.6174916374604525e-15 2.6862530323127793e-15 1.9109821561247348e-15 1.293824672713892e-15 8.268110483348613e-16 4.932440101671448e-16 2.7047541551310274e-16 1.333251343603369e-16 5.718786965304082e-17 2.0382525768636042e-17 5.656730442650995e-18 1.1141305873464156e-18 1.4106445230273575e-19 9.655392166927182e-21 2.6850295360782845e-22 2.7176288256314007e-24 7.206553623132217e-27 1.992853778917334e-30 3.117437589340864e-35 2.4927488792612644e-41 2.4657022629683252e-49 2.891197086256007e-60 -2.7910510274317588e-73 -5.5972255404698254e-83 -8.485914917776979e-91 1.7822390511897605e-98 -5.856401564699084e-107 4.006419119008213e-115 -1.863814312648766e-124 1.4380417883313666e-132 3.694336455486702e-140 -3.5265738164094235e-142 -6.3644845287968395e-142 -1.1486123763754444e-141 -2.0729257572918512e-141 -3.741054235201292e-141 -6.751562009148731e-141 -1.2184690917994117e-140 -2.198997692176537e-140 1.51158 -11.49052 -0.00901 11.58951 3.35084 153.18537 -0.15404 0
607 0.1705 1 21.1750 79.8335 20.7134 3.396468958346176e-14 3.3242452880950816e-14 3.225719598782284e-14 3.097206945157995e-14 2.9359961466987356e-14 2.7408786817255292e-14 2.5126742633657677e-14 2.2546740216472447e-14 1.9728950280109356e-14 1.6760216599498674e-14 1.3750254617601189e-14 1.0823476593715619e-14 8.107031114950772e-15 5.720551015726347e-15 3.750665913273492e-15 2.243075585692577e-15 1.1994447037821656e-15 5.575005488897674e-16 2.1700571506786527e-16 7.147060304012797e-17 2.3444468399678503e-17 5.822051802684823e-18 7.981924391513038e-19 4.823173460195467e-20 9.553525532877056e-22 4.349881321488229e-24 3.410219929241265e-27 1.1172034926293795e-30 1.1382309062781004e-34 8.16001797596998e-40 1.5158231636993418e-46 2.185546455347723e-55 2.875444793098407e-57 5.189377807414534e-57 9.365383085330884e-57 1.6901910708771682e-56 3.0503246157089435e-56 5.504987229858644e-56 9.93497027983152e-56 1.7929857116793003e-55 -1.36926 -9.60491 -0.29429 9.70202 1.78390 -128.90145 -9.49561 0
608 0.2277 3 33.3401 31.5008 42.4871 2.089742184605157e-16 1.579002250492889e-16 1.1465621039670448e-16 7.956623918984603e-17 5.2416373208142133e-17 3.2498132248469785e-17 1.8736451590343654e-17 9.869788785176362e-18 4.62758827933572e-18 1.85837669544675e-18 6.054660533166197e-19 1.484241268229771e-19 2.4616394909098896e-20 2.4685796693072994e-21 1.2292453063201957e-22 2.2006883472046516e-24 1.2497628827135206e-26 1.543930190974045e-29 1.4669433050356142e-33 5.33675671315197e-39 6.834625441509038e-46 1.3384668652426118e-54 5.2085280473977995e-67 1.178276860734592e-78 -8.403403867437726e-88 -9.770228883200495e-96 2.2609222798919277e-103 -7.414337586717397e-112 5.07019042425596e-120 -2.358948556717053e-129 1.8200332771569651e-137 4.6756248720574596e-145 -4.463299802862285e-147 -8.05501430610097e-147 -1.4537059650324705e-146 -2.623534797660602e-146 -4.734750355366594e-146 -8.544907026822755e-146 -1.5421179706821492e-145 -2.783093868705425e-145 -8.98017 -10.81318 -0.04505 14.05590 9.27342 -104.44467 -0.27831 0
609 4.5542 3 16.3876 11.1390 22.2254 2.5643567934138716e-15 2.1684277687704207e-15 1.7854886082954274e-15 1.424901125538976e-15 1.0957843898946857e-15 8.062524367257815e-16 5.625168707394187e-16 3.679714971247018e-16 2.2246206564663366e-16 1.2199602402448643e-16 5.921076475577196e-17 2.4603222533314238e-17 8.353401937037016e-18 2.194854778676055e-18 4.086289654201995e-19 4.6872728474529894e-20 3.0504089189970887e-21 9.541504511022176e-23 1.0216932532159388e-24 3.592814429272114e-27 4.105565033881264e-30 8.821586901269589e-34 1.675835207956294e-38 1.181375302896015e-44 1.0189562266252405e-52 3.0615443846427966e-63 -3.523082744835816e-72 1.4320603882094704e-80 -1.018445566691311e-88 4.6878144311046896e-98 -3.623362448828159e-106 -9.317962536028915e-114 8.895090658969901e-116 1.605316373014399e-115 2.8971494010231367e-115 5.228548585776764e-115 9.436075441664723e-115 1.7029490742995597e-114 3.0733492621866006e-114 5.5465403105303944e-114 -4.59920 4.42454 -0.05405 6.38194 13.71857 -19.58812 -0.22576 0
610 1.5697 2 8.6002 18.9706 28.0125 1.8777493338078945e-11 1.597888158585896e-11 1.3270060446289223e-11 1.0714871449551875e-11 8.373212937102476e-12 6.2965307417358696e-12 4.5234274363827124e-12 3.0757793581844708e-12 1.955807286947188e-12 1.1446243957287175e-12 6.036003953885356e-13 2.786454906760187e-13 1.081302270552559e-13 3.3640294288552237e-14 7.769742301143462e-15 1.1786713033406254e-15 1.0851142544736883e-16 5.168927841526978e-18 8.746761295924422e-20 3.9288628824661975e-22 3.7629477757905587e-25 4.294931311099135e-29 1.580977831741492e-34 9.564805339278419e-42 2.478325358189056e-51 1.0402684536350545e-63 -1.4671855306838035e-74 5.241407509795133e-83 -3.642687547173593e-91 1.6872810042430427e-100 -1.3027794594521063e-108 -3.34824187415897e-116 3.196234292865244e-118 5.768313600213344e-118 1.0410201112190242e-117 1.8787516544218183e-117 3.390624005197606e-117 6.1191329453068296e-117 1.1043332420504508e-116 1.9930142397592702e-116 -8.11453 -2.39845 -0.02102 8.46157 10.15258 -53.05941 -0.11863 0
611 24.4006 2 49.9889 9.8058 17.6339 1.6038260771832673e-11 1.3062161087403207e-11 1.0294356354925893e-11 7.803196364216905e-12 5.6468889920205645e-12 3.86559597518297e-12 2.4744876655418757e-12 1.4597317278527331e-12 7.790402221492075e-13 3.6754842271591697e-13 1.490814088414138e-13 5.034865279219295e-14 1.3682914789718574e-14 2.9028744287186096e-15 4.595169757257892e-16 5.050287207476936e-17 3.432530522017438e-18 1.2260429233968352e-19 1.881122068242026e-21 9.527956391118554e-24 1.1184497740938713e-26 1.889188266015072e-30 2.4050270609046993e-35 9.84206315150602e-42 4.1094437138520647e-50 8.229833604634812e-61 -5.975274657072567e-69 2.11022137190909e-77 -1.4641009211915806e-85 6.784689654881021e-95 -5.238183622390419e-103 -1.3461946755602642e-110 1.2850768735887127e-112 2.3192062058117536e-112 4.185521921389133e-112 7.553702517063266e-112 1.363233135268123e-111 2.460256512478425e-111 4.4400784800481235e-111 8.013106279363763e-111 1.44223 3.77988 0.03604 4.04568 12.36434 6.69849 0.16699 0
612 0.2799 3 7.3710 34.1398 36.9790 1.0877314200003023e-15 9.353103338772067e-16 7.859043917678083e-16 6.430346424930218e-16 5.101344304946127e-16 3.9030418693902847e-16 2.860637029733814e-16 1.9911978395503837e-16 1.3016742452074646e-16 7.874708497131088e-17 4.323431445417992e-17 2.0980231966100926e-17 8.672842700273259e-18 2.9240432396923803e-18 7.500945750469646e-19 1.3128084983034304e-19 1.452041115968546e-20 8.762071474367884e-22 2.0757263155459907e-23 1.4778675664727173e-25 2.524426112370346e-28 6.102293210753602e-32 6.715453955561524e-37 1.7496041047964906e-43 3.1186252561308652e-52 1.2595989055955695e-63 -1.1303683721954857e-75 3.863774087304102e-84 -2.663502573392144e-92 1.2364743938410337e-101 -9.543479356377831e-110 -2.4522208375467534e-117 2.340877363361834e-119 4.224632331132089e-119 7.624285924835905e-119 1.375971476506541e-118 2.4832456741846697e-118 4.4815675205804765e-118 8.087982453897271e-118 1.4596557984264667e-117 6.81370 -5.50040 -0.19520 8.75676 7.44729 66.23943 -1.50191 0
613 3.2721 3 16.6755 19.1856 23.2783 1.5558200147316312e-11 1.3289079075392736e-11 1.1071226099576507e-11 8.958217310605954e-12 7.003394579803726e-12 5.255884693598691e-12 3.75589450715671e-12 2.5296893725691467e-12 1.585061281630489e-12 9.084799324005064e-13 4.658552393002131e-13 2.0744534280814123e-13 7.694166881490796e-14 2.2632926672315167e-14 4.878093244858598e-15 6.7877248288111e-16 5.613644093304401e-17 2.3414936263435742e-18 3.3674022456457497e-20 1.286535566071841e-22 1.1563259134201143e-25 1.8122579300174326e-29 3.410280137004484e-34 3.439256882676904e-40 4.961089644063162e-48 2.5013441590143426e-58 7.42167773036036e-68 -1.2510945471178911e-76 6.867480731309724e-85 -3.4135124969971156e-94 2.6056043385677132e-102 6.652204044582572e-110 -6.34896969739399e-112 -1.1458123809813024e-111 -2.0678725446570266e-111 -3.731934592366834e-111 -6.735103591219694e-111 -1.2154988052910001e-110 -2.193637151461092e-110 -3.958904715762592e-110 -2.22680 -0.47330 0.45345 2.27655 8.34219 -15.50531 3.11594 0
614 0.9398 3 25.6077 29.5933 30.7294 1.935508443278316e-15 1.6107627570501904e-15 1.3044576369752236e-15 1.0236143425235036e-15 7.742401436263706e-16 5.608063974372201e-16 3.857962683935938e-16 2.4939576203615195e-16 1.4940329427161935e-16 8.141192635210849e-17 3.935090874888715e-17 1.629652005542278e-17 5.502845705338556e-18 1.4318026163635957e-18 2.611053438529838e-19 2.858331314829276e-20 1.7285584422837405e-21 4.781842733816562e-23 3.7102725923934597e-25 5.697107025846298e-28 1.4294607547583045e-31 3.2177454143036774e-36 2.3581773590164248e-42 1.214423254120962e-50 8.884645327797656e-62 3.767575398618175e-76 1.2146753409010716e-84 -3.864004995966264e-93 2.625143030791213e-101 -1.2235956527927626e-110 9.43772088437764e-119 2.4241060443536684e-126 -2.3140130958054444e-128 -4.1761498027232046e-128 -7.536788450505574e-128 -1.3601806168599059e-127 -2.4547475660634744e-127 -4.430136364540761e-127 -7.995163527099315e-127 -1.4429045646698856e-126 6.73139 -6.12122 0.03904 9.09841 7.13945 70.53733 0.31330 0
615 0.8266 2 33.0951 17.7639 33.7097 8.685713235617338e-16 6.95651296562507e-16 5.393692150042031e-16 4.028067438381067e-16 2.879789521801812e-16 1.9560305945978253e-16 1.2500484195946408e-16 7.420964695284361e-17 4.022031855093367e-17 1.9426451237165227e-17 8.084525242712373e-18 2.7640016539656446e-18 7.245605790973784e-19 1.3501202193541068e-19 1.5678646881901175e-20 9.121792906107735e-22 2.426794028170127e-23 2.298640263602378e-25 3.837018251276435e-28 7.071163395918157e-32 1.3317393250480775e-36 1.9070180519354174e-42 9.08691075955713e-51 5.083466470335771e-62 -8.319746610599729e-76 -9.878643890047387e-84 2.2677229752509915e-91 -7.437148898243704e-100 5.085860592997514e-108 -2.366230084273172e-117 1.825652475727323e-125 4.690062209553231e-133 -4.4770815738431694e-135 -8.079886568175599e-135 -1.4581947163081015e-134 -2.631635744793607e-134 -4.749370310989443e-134 -8.571291978965361e-134 -1.5468797204269945e-133 -2.791687502118131e-133 -9.51330 0.42908 -0.02703 9.52298 13.04731 -46.81442 -0.11869 0
616 3.4580 2 31.6188 11.2537 25.5359 2.2082271473232834e-15 1.8431243174204673e-15 1.49695768509338e-15 1.177861816351639e-15 8.93018449636014e-16 6.480218606756865e-16 4.462800017093109e-16 2.8854930236244815e-16 1.7271963686238877e-16 9.395173091399342e-17 4.529786785286729e-17 1.870513079160561e-17 6.2990582757097964e-18 1.635472095074206e-18 2.979902676700829e-19 3.266254320373349e-20 1.980818840891035e-21 5.506232969306972e-23 4.310191487526019e-25 6.7052690877691265e-28 1.8111286814332364e-31 7.719535093572093e-36 5.927188893132459e-42 3.185114736997888e-50 2.464188243217378e-61 -1.0958157303804415e-73 3.792087190196761e-81 -1.2243252963287323e-89 8.346096304647796e-98 -3.886471365159969e-107 2.9981494154188955e-115 7.701535159225243e-123 -7.351782472580276e-125 -1.3267921853244074e-124 -2.3944907369111517e-124 -4.321389553369596e-124 -7.798905789905636e-124 -1.407485503647712e-123 -2.540119724926733e-123 -4.584209357922329e-123 -1.14483 7.05915 -0.03604 7.15138 15.60125 -4.20819 -0.13234 0
617 1.0899 2 34.0026 14.5518 32.1850 6.723088841581461e-16 5.417686644717637e-16 4.2298767756084743e-16 3.1839320581591075e-16 2.29672724502012e-16 1.5758789754647214e-16 1.0187753546182e-16 6.128751574598645e-17 3.373918211015368e-17 1.6608134351486895e-17 7.079049530947966e-18 2.4970964346555726e-18 6.827006189960772e-19 1.345647775242543e-19 1.687100251144892e-20 1.0929726352022645e-21 3.345580650187323e-23 3.808783889888457e-25 8.264415506992768e-28 2.186063268939344e-31 6.80130187672997e-36 1.8550419659090594e-41 2.096394428628817e-49 3.7851564233807664e-60 1.0525923872646299e-74 -4.8656836027606074e-83 1.1117049511136001e-90 -3.6459455160120543e-99 2.493268374637904e-107 -1.1600088528614049e-116 8.949988620671497e-125 2.2992330814750514e-132 -2.194822503255577e-134 -3.9610439459474305e-134 -7.148582228610327e-134 -1.2901201949926966e-133 -2.328307997726628e-133 -4.201948123375024e-133 -7.583347241333498e-133 -1.3685831831843368e-132 -3.95373 6.18370 0.09309 7.33963 15.20697 -15.07004 0.35075 0
