skymodel/snr/OUTPUT_FILES_1/ctadc_skymodel_gps_sources_pevatron_0.ecsv
# %ECSV 0.9
# ---
# datatype:
# - {name: Num_SNR, unit: '', datatype: float64, format: '%i', description: Simulation number}
# - {name: n0, unit: 1 / cm3, datatype: float64, format: '%0.4f', description: density}
# - {name: type, unit: '', datatype: float64, format: '%i', description: type of progenitor}
# - {name: agekyr, unit: kyear, datatype: float64, format: '%0.4f', description: age of the SNR}
# - {name: sigma, unit: arcmin, datatype: float64, format: '%0.4f', description: apparent size of the SNR}
# - {name: SNR_radiuspc, unit: pc, datatype: float64, format: '%0.4f', description: SNR Radius}
# - {name: '0.1', unit: TeV / (cm2 s), datatype: float64, description: Differential spectrum}
# - {name: '0.13433993325989002', unit: TeV / (cm2 s), datatype: float64, description: Differential spectrum}
# - {name: '0.18047217668271703', datatype: float64}
# - {name: '0.24244620170823283', datatype: float64}
# - {name: '0.3257020655659783', datatype: float64}
# - {name: '0.43754793750741844', datatype: float64}
# - {name: '0.5878016072274912', datatype: float64}
# - {name: '0.7896522868499725', datatype: float64}
# - {name: '1.0608183551394483', datatype: float64}
# - {name: '1.4251026703029979', datatype: float64}
# - {name: '1.9144819761699576', datatype: float64}
# - {name: '2.5719138090593443', datatype: float64}
# - {name: '3.455107294592218', datatype: float64}
# - {name: '4.6415888336127775', datatype: float64}
# - {name: '6.235507341273912', datatype: float64}
# - {name: '8.376776400682916', datatype: float64}
# - {name: '11.253355826007645', datatype: float64}
# - {name: '15.117750706156615', datatype: float64}
# - {name: '20.309176209047347', datatype: float64}
# - {name: '27.283333764867667', datatype: float64}
# - {name: '36.65241237079626', datatype: float64}
# - {name: '49.238826317067364', datatype: float64}
# - {name: '66.14740641230146', datatype: float64}
# - {name: '88.86238162743399', datatype: float64}
# - {name: '119.37766417144357', datatype: float64}
# - {name: '160.37187437513293', datatype: float64}
# - {name: '215.44346900318823', datatype: float64}
# - {name: '289.4266124716749', datatype: float64}
# - {name: '388.81551803080856', datatype: float64}
# - {name: '522.3345074266838', datatype: float64}
# - {name: '701.7038286703822', datatype: float64}
# - {name: '942.6684551178845', datatype: float64}
# - {name: '1266.380173467402', datatype: float64}
# - {name: '1701.2542798525858', datatype: float64}
# - {name: '2285.4638641349884', datatype: float64}
# - {name: '3070.2906297578497', datatype: float64}
# - {name: '4124.626382901348', datatype: float64}
# - {name: '5541.020330009481', datatype: float64}
# - {name: '7443.803013251681', datatype: float64}
# - {name: '10000.0', datatype: float64}
# - {name: galactocentric_x, unit: kpc, datatype: float64, format: '%0.5f', description: Galactocentric X}
# - {name: galactocentric_y, unit: kpc, datatype: float64, format: '%0.5f', description: Galactocentric Y}
# - {name: galactocentric_z, unit: kpc, datatype: float64, format: '%0.5f', description: Galactocentric Y}
# - {name: galactocentric_r, unit: kpc, datatype: float64, format: '%0.5f', description: Galactocentric radius in the xy plan}
# - {name: distance, unit: kpc, datatype: float64, format: '%.5f', description: Distance from Earth}
[...]
#     0.7896522868499725, 1.0608183551394483, 1.4251026703029979, 1.9144819761699576, 2.5719138090593443, 3.455107294592218, 4.6415888336127775,
#     6.235507341273912, 8.376776400682916, 11.253355826007645, 15.117750706156615, 20.309176209047347, 27.283333764867667, 36.65241237079626,
#     49.238826317067364, 66.14740641230146, 88.86238162743399, 119.37766417144357, 160.37187437513293, 215.44346900318823, 289.4266124716749,
#     388.81551803080856, 522.3345074266838, 701.7038286703822, 942.6684551178845, 1266.380173467402, 1701.2542798525858, 2285.4638641349884,
#     3070.2906297578497, 4124.626382901348, 5541.020330009481, 7443.803013251681, 10000.0]
# schema: astropy-2.0
Num_SNR n0 type agekyr sigma SNR_radiuspc 0.1 0.13433993325989002 0.18047217668271703 0.24244620170823283 0.3257020655659783 0.43754793750741844 0.5878016072274912 0.7896522868499725 1.0608183551394483 1.4251026703029979 1.9144819761699576 2.5719138090593443 3.455107294592218 4.6415888336127775 6.235507341273912 8.376776400682916 11.253355826007645 15.117750706156615 20.309176209047347 27.283333764867667 36.65241237079626 49.238826317067364 66.14740641230146 88.86238162743399 119.37766417144357 160.37187437513293 215.44346900318823 289.4266124716749 388.81551803080856 522.3345074266838 701.7038286703822 942.6684551178845 1266.380173467402 1701.2542798525858 2285.4638641349884 3070.2906297578497 4124.626382901348 5541.020330009481 7443.803013251681 10000.0 galactocentric_x galactocentric_y galactocentric_z galactocentric_r distance glon glat skip
[from data line 1001]
1000 2.4175 1 3.7943 6.7846 6.1054 3.810168908626373e-14 3.714631377347297e-14 3.589914891019282e-14 3.432848878799537e-14 3.241505161162496e-14 3.01569380320265e-14 2.757410304440809e-14 2.4711567751967968e-14 2.1640414269076388e-14 1.8455516950622612e-14 1.5270342976211435e-14 1.2207915763840243e-14 9.38872486242334e-15 6.920783759434993e-15 4.875196876573769e-15 3.2806711722998123e-15 2.1222357492606767e-15 1.330888486966609e-15 8.138895872739164e-16 4.832655533120202e-16 2.7250667101376325e-16 1.4143505440729014e-16 6.556168195785477e-17 2.6371337466417008e-17 8.907647692022117e-18 2.4245641659594815e-18 5.042286368333766e-19 7.474825571243375e-20 7.20985353599047e-21 4.009717836424219e-22 1.0944413652538323e-23 1.1815754375214557e-25 6.692180557383501e-26 1.207752391944757e-25 2.1796570306802866e-25 3.9336744874865984e-25 7.099187971179762e-25 1.2812059058385713e-24 2.3122201860543954e-24 4.1729140994695466e-24 1.78770 -2.62602 -0.76276 3.17677 6.18719 16.92722 -7.08149 0
1001 1.6367 1 22.4594 10.8342 13.5118 1.1304351467853901e-14 1.0669889167332952e-14 9.943513803195559e-15 9.12820542066505e-15 8.232740854246529e-15 7.272379299391747e-15 6.269071727918306e-15 5.251021716359193e-15 4.2513940647162656e-15 3.30594712443957e-15 2.4498196252095436e-15 1.7133493819227436e-15 1.1175222643843517e-15 6.708774204050977e-16 3.6483105725867932e-16 1.7681442753860192e-16 7.589406328973964e-17 2.878587467992491e-17 9.64271501509396e-18 2.8232037896980775e-18 6.838771015573215e-19 1.2520629785996155e-19 1.5924910980032343e-20 1.2651210425942772e-21 5.473638363752902e-23 1.0763553804379667e-24 7.550001274460932e-27 1.363136361137897e-29 4.090991892003036e-33 1.1302448344861973e-37 1.2812590311452644e-43 2.019868602769782e-51 4.871503013088429e-53 8.791707524884816e-53 1.5866585937737887e-52 2.863477300706951e-52 5.167779813401333e-52 9.326404715415421e-52 1.6831565596149803e-51 3.0376292801150947e-51 -0.42450 0.06395 0.07207 0.42929 8.57476 -2.83775 0.48158 0
1002 0.6744 1 21.8841 7.6014 15.9596 1.817466000484979e-15 1.742452259509477e-15 1.6519852484592528e-15 1.5454164147023135e-15 1.422951881487337e-15 1.2858600614339408e-15 1.1366189892776317e-15 9.789634335589866e-16 8.177880234881595e-16 6.588639175828873e-16 5.084009010698172e-16 3.7242857648974497e-16 2.5606551626840975e-16 1.6295555460103426e-16 9.416204462309838e-17 4.81743980723602e-17 2.128260683157495e-17 7.869582857266676e-18 2.361314076390855e-18 5.841797621796027e-19 1.270354348518086e-19 2.046408598180439e-20 2.2860282039665375e-21 1.7001244298622102e-22 7.14379975986631e-24 1.3656862515052445e-25 9.23570672773025e-28 1.58891818520281e-30 4.472955855009744e-34 1.1348318494658318e-38 1.1476532335332783e-44 1.5532762429740464e-52 3.612813129862274e-54 6.52012249494143e-54 1.1767006989000298e-53 2.1236173643456326e-53 3.8325384818467e-53 6.916665620391484e-53 1.2482656998985688e-52 2.2527722793907044e-52 -1.86968 5.80216 0.58258 6.09596 14.43561 -7.44786 2.31293 0
1003 0.0118 3 23.9666 78.1620 70.6907 4.591505059708381e-17 3.62453234037293e-17 2.7644962429018405e-17 2.0265764994198285e-17 1.4188388144595046e-17 9.412364849402277e-18 5.856538923844956e-18 3.371528409501491e-18 1.762106818906829e-18 8.139255124884077e-19 3.1989640191098177e-19 1.0138571452611745e-19 2.3976110161188878e-20 3.8894503680812235e-21 3.7370675508954237e-22 1.6672344719918447e-23 3.1350212356371182e-25 1.8817276234275457e-27 1.643898058333942e-30 1.2435618738406318e-34 7.2617420033737446e-40 1.0369227964229026e-46 5.3437863444861265e-56 1.6536539915110492e-68 -1.2303798521064231e-79 -1.4491476341279804e-87 3.322979165465752e-95 -1.0898629390195031e-103 7.453071525685124e-112 -3.467578584992639e-121 2.6753937058690894e-129 6.873031554828562e-137 -6.560920058532146e-139 -1.1840635240045934e-138 -2.1369052150771796e-138 -3.8565193552962896e-138 -6.959944424693484e-138 -1.2560763199151717e-137 -2.266868275347082e-137 -4.0910665190488554e-137 -2.01923 -14.32262 -0.82883 14.46426 6.21829 -160.87397 -7.65968 0
1004 0.0227 2 45.8087 35.4818 70.6907 9.06954522464857e-14 5.827556467156801e-14 3.5455143944880646e-14 2.0232721839944068e-14 1.0649094298392072e-14 5.0253854785764565e-15 2.0359621304370188e-15 6.660249135236423e-16 1.620803802556465e-16 2.6346956749135174e-17 2.486736932503594e-18 1.1300965802842603e-19 1.906787814044141e-21 9.019354704506805e-24 7.293636430450215e-27 4.644246209628426e-31 1.6349312874092164e-36 1.107308999317744e-43 1.2791896966274084e-53 4.9789766239924646e-67 -2.8119810619528684e-76 2.0775410319221577e-84 -9.364083188479008e-93 3.619337991483304e-101 -1.832810138715561e-110 -1.9874278893936293e-118 4.717906946097929e-126 -1.5463310696459685e-134 1.0573243029658799e-142 -4.919434300467314e-152 3.795542809046935e-160 9.750637256728152e-168 -9.307849746979205e-170 -1.6798079040730107e-169 -3.0315858885688953e-169 -5.471169041106385e-169 -9.87393785847561e-169 -1.7819710577489756e-168 -3.2159619557756185e-168 -5.803916542876348e-168 -12.08295 -2.09297 0.76877 12.26288 13.69812 -62.06507 3.21726 0
1005 0.0058 2 10.4981 60.4202 77.5467 4.467652783762564e-17 4.25805848026199e-17 4.011963657561658e-17 3.728957078750483e-17 3.4108085717455306e-17 3.061845131173384e-17 2.6891259870276615e-17 2.3023359539617967e-17 1.9133324658055808e-17 1.5353100469076843e-17 1.1817419423043553e-17 8.6508635904386e-18 5.954438836781342e-18 3.798273583043892e-18 2.1986235968270733e-18 1.1208227922698918e-18 4.865828529176274e-19 1.709368283329761e-19 4.490084842268462e-20 8.050321082315528e-21 8.772121714270023e-22 4.8985026587399856e-23 1.0865873119643695e-24 7.17876141466493e-27 1.2225958602843713e-29 4.4983791083958014e-33 8.473380635780373e-38 3.2735453124997267e-44 6.545206686689663e-53 -6.944774249219715e-72 5.701968476335003e-80 2.4587349107521917e-87 -2.3746389960297487e-89 -4.2855626844914985e-89 -7.734248259804103e-89 -1.3958166184513658e-88 -2.519060633818269e-88 -4.54620355780927e-88 -8.204632517205528e-88 -1.4807078892618846e-87 0.55118 -17.26809 -0.82883 17.27688 8.82441 176.40298 -5.38943 0
1006 0.0286 2 17.8978 34.7988 61.5263 3.274512177748954e-17 2.5251493450670334e-17 1.8758386247329693e-17 1.3350379487109721e-17 9.043182211622875e-18 5.782076884908609e-18 3.451438747649907e-18 1.8939542053562202e-18 9.343826460869837e-19 4.012323208679004e-19 1.4321698811885367e-19 3.9827882759035443e-20 7.866525240880076e-21 9.998322628042408e-22 6.879429974111096e-23 1.9270280626755262e-24 1.969106572264195e-26 5.287793821210611e-29 1.488300452364027e-32 2.3850539617602464e-37 1.9662709310089194e-43 2.0139792549465838e-51 1.0429815435665107e-62 -2.251076841870265e-75 -5.0359681122839244e-85 -7.4502037466053084e-93 1.5772642598556956e-100 -5.181937055097079e-109 3.544887219830215e-117 -1.6491224090742778e-126 1.2723923649173064e-134 3.2687792246470496e-142 -3.1203413800233854e-144 -5.631348008459724e-144 -1.0163016327446119e-143 -1.834141678276198e-143 -3.310115410229964e-143 -5.973837331552054e-143 -1.0781114263736749e-142 -1.945691158241663e-142 9.38456 -0.86889 1.21321 9.42469 12.15630 50.88351 5.72772 0
1007 2.2432 1 4.3246 6.2209 6.5346 2.5849430069162074e-14 2.517523940947842e-14 2.430144281858493e-14 2.3207226038382e-14 2.1880428565761902e-14 2.0320883122828768e-14 1.8543394926995136e-14 1.657983591273617e-14 1.4479709479599553e-14 1.2308484490391691e-14 1.0143938275528067e-14 8.06990329543279e-15 6.167961035918309e-15 4.510604871584556e-15 3.144668468131767e-15 2.087703084927149e-15 1.327296938901617e-15 8.146944202686636e-16 4.857412076350559e-16 2.802238021465644e-16 1.529030213370281e-16 7.634903771361839e-17 3.377899569178312e-17 1.2834589092408338e-17 4.0411145971198676e-18 1.0079238418324865e-18 1.8784936500778601e-19 2.4237563020843668e-20 1.957753238065719e-21 8.661439239520939e-23 1.7558511483978438e-24 1.283895940286785e-26 6.635414933959144e-27 1.1975077763246118e-26 2.1611683498778335e-26 3.900307562802492e-26 7.038969955910272e-26 1.270338229547373e-25 2.2926070540968384e-25 4.137517853310089e-25 3.41117 -2.15591 -0.52553 4.03535 7.22217 28.26664 -4.17285 0
1008 2.2318 4 39.0307 21.0688 29.3395 1.6060129063370675e-14 1.445334066776412e-14 1.2770575740458883e-14 1.104292836832574e-14 9.30890795193469e-15 7.613421407457157e-15 6.005741636049611e-15 4.536134699991875e-15 3.250878006919761e-15 2.1857530407013055e-15 1.3594587391349872e-15 7.684887879970498e-16 3.8619620786696393e-16 1.6842326461048646e-16 6.183213291227509e-17 1.8500411776132046e-17 4.463587510727183e-18 8.516131970347536e-19 1.2307998363329806e-19 1.2407694821537587e-20 7.516239182053701e-22 2.3055433557018692e-23 2.8990041108809194e-25 1.130064760292124e-27 9.389854939023048e-31 1.0014747398730514e-34 6.9167846361393094e-40 1.2195215359104245e-46 1.7808033055047064e-55 4.27498478688273e-67 -5.445593239695252e-75 7.285107755429418e-84 -1.1288276212458279e-85 -2.0372197790580784e-85 -3.6766148790769593e-85 -6.635266900510849e-85 -1.1974810604059752e-84 -2.161120135077941e-84 -3.900220548503642e-84 -7.038812919311142e-84 3.93869 0.20678 0.59159 3.94411 9.57451 24.34056 3.54246 0
1009 2.0970 1 15.9723 9.8000 11.2155 1.7628229637462408e-14 1.6723919252669262e-14 1.5676951515187925e-14 1.4488966255471635e-14 1.317012718049125e-14 1.1740355478897972e-14 1.0229907025870317e-14 8.679028928692195e-15 7.136378220566475e-15 5.6558426144778935e-15 4.292076898192054e-15 3.0944784098147092e-15 2.1003510483617096e-15 1.3298947093204318e-15 7.779706370847631e-16 4.173602058157689e-16 2.0572696521136724e-16 9.340995484157101e-17 3.889003154727612e-17 1.4516528843298107e-17 4.6260720344329475e-18 1.1849453757894789e-18 2.287436650641403e-19 3.0849523381990696e-20 2.6349618735144475e-21 1.2516127100031269e-22 2.779801053284721e-24 2.2876444656208955e-26 5.106028067701857e-29 2.029467782007676e-32 8.119724583776906e-37 1.5142490682922078e-42 1.1160056939661005e-43 2.0140797678036796e-43 3.63485359708152e-43 6.559899405883071e-43 1.1838793245993775e-42 2.1365727864011413e-42 3.855919414028725e-42 6.958861697629123e-42 -2.26977 -1.02360 -0.93093 2.48990 7.86861 -16.88781 -6.79454 0
1010 0.2919 2 36.3277 37.3188 42.4871 7.650381705290014e-12 5.705355970752465e-12 4.083094609302978e-12 2.7886560433021955e-12 1.8053459773209786e-12 1.0979730155235145e-12 6.192794866707846e-13 3.1769028078734506e-13 1.4395975440132116e-13 5.520451687549799e-14 1.687219382284223e-14 3.784728080265928e-15 5.551893967195967e-16 4.715425142032286e-17 1.873302003830282e-18 2.4564990504143682e-20 9.270474042476265e-23 6.668927994361057e-26 2.981983786646401e-30 3.884358023217997e-36 1.668507559385646e-43 5.906300599035112e-53 1.529685145715593e-66 1.7233586853386214e-75 -8.639937650147534e-85 -9.426438047268888e-93 2.2329683597267178e-100 -7.319071827249673e-109 5.004558349059614e-117 -2.3284751039005692e-126 1.796513616029641e-134 4.615191495792097e-142 -4.405610440741092e-144 -7.950901058566476e-144 -1.4349164206284138e-143 -2.589624897885835e-143 -4.673552421132145e-143 -8.43446178282499e-143 -1.5221856770936185e-142 -2.747121624603414e-142 -7.66323 -10.09515 0.05706 12.67427 7.82770 -101.75859 0.41764 0
1011 28.0535 1 6.3267 2.4978 4.6092 7.321850123610794e-14 6.790786039620032e-14 6.223300408034118e-14 5.62621895279909e-14 5.008697637478078e-14 4.3822570043243904e-14 3.760620157179289e-14 3.1591969052832394e-14 2.5940112579777756e-14 2.0799314321799995e-14 1.6285658225643102e-14 1.246222076175546e-14 9.328392417177598e-15 6.828423771630385e-15 4.8661497554736775e-15 3.3448400578885453e-15 2.1882523436216967e-15 1.3407388268898693e-15 7.56605352139945e-16 3.862100288569226e-16 1.7454370826083294e-16 6.800275409943962e-17 2.2079286396352913e-17 5.7202762526768246e-18 1.1178847015924091e-18 1.531133397108262e-19 1.3342572113814912e-20 6.506229371168364e-22 1.4960637060265653e-23 1.289634989136062e-25 3.0603965704222317e-28 1.3188662467746122e-31 3.49784601273139e-32 6.312638836185958e-32 1.1392556713783354e-31 2.056039508117788e-31 3.710579253756792e-31 6.696563146792188e-31 1.2085433273948534e-30 2.1810844491032317e-30 0.49749 4.17755 -0.01201 4.20707 12.68732 2.24723 -0.05425 0
1012 0.6187 1 32.4906 24.9809 19.0272 1.184793239600266e-14 1.1221866827440817e-14 1.0495404489950078e-14 9.669882336008298e-15 8.75302842184062e-15 7.759885455534116e-15 6.713160166110819e-15 5.642774625455854e-15 4.5844046580573646e-15 3.57682764052292e-15 2.6584197990815253e-15 1.862755028278854e-15 1.2139311032026887e-15 7.235549597973818e-16 3.852536714689865e-16 1.774001498205898e-16 6.847715121958743e-17 2.1730093627133064e-17 6.139695905045216e-18 1.488173852101493e-18 2.1726955889996043e-19 1.5479570054128503e-20 4.489185349102121e-22 5.923960870155462e-24 4.5789528347512584e-26 1.2829286661550965e-28 7.083451509822656e-32 4.383883049708226e-36 1.4830972341388268e-41 1.0336354977049947e-48 3.7359152484435126e-58 -1.2760578984218757e-67 1.1286248374230485e-69 2.036853810679148e-69 3.6759544079775336e-69 6.634074933941354e-69 1.1972659436046457e-68 2.160731909104171e-68 3.899519908638331e-68 7.037548459295509e-68 3.95952 -5.07819 0.19520 6.43939 5.23686 49.16647 2.13610 0
1013 0.4031 2 5.6273 14.7841 36.9790 1.2336477198614573e-12 1.0014224581929493e-12 7.883970863578676e-13 5.99083597423628e-13 4.368156716215005e-13 3.033998395713788e-13 1.9889498792987813e-13 1.2158932347081788e-13 6.821135637751599e-14 3.43523538446249e-14 1.506653727478123e-14 5.5147819238716565e-15 1.5839840379079845e-15 3.3337986826580337e-16 4.5696101248141106e-17 3.355152458032636e-18 1.2088502851222188e-19 1.7035651397512743e-21 5.015466046457073e-24 2.020779254048049e-27 9.583445779443483e-32 2.1672925596045775e-37 2.536475945721758e-45 6.747467184665721e-56 6.37804330493232e-70 1.8309234541075248e-78 -4.259814635678836e-86 1.3967621571440357e-94 -9.551338061610806e-103 4.443868491256894e-112 -3.4286376596567055e-120 -8.808088199285129e-128 8.408103450512116e-130 1.5174287314873827e-129 2.7385366613242257e-129 4.9422967219460474e-129 8.919470472214583e-129 1.6097162509777848e-128 2.9050899565550415e-128 5.242879079185893e-128 10.11776 5.40616 0.04204 11.47151 17.19745 36.03864 0.14007 0
1014 3.3177 1 13.8502 4.5046 9.6653 7.654123824951793e-15 7.228423480134462e-15 6.7434886877375624e-15 6.201509005920726e-15 5.6082798427033834e-15 4.973593566165975e-15 4.311356728134118e-15 3.639335460163364e-15 2.978395285470527e-15 2.351069079339594e-15 1.779581318367324e-15 1.2832246209233547e-15 8.754822562855447e-16 5.6208474616767545e-16 3.3816304991158097e-16 1.9044670305442712e-16 1.0082702478860369e-16 5.0005133583414023e-17 2.2823130131712723e-17 9.275919936830708e-18 3.2129138161648162e-18 9.046614305809778e-19 1.9627951682473846e-19 3.067896175968984e-20 3.1633192195776027e-21 1.9150269545043378e-22 5.828406955826118e-24 7.245116110364041e-26 2.7841231237381832e-28 2.272493367079614e-31 2.3707696370831194e-35 1.5926390022929109e-40 1.5853423201579907e-41 2.8611017930614096e-41 5.163492683046181e-41 9.318667637946291e-41 1.6817602324029566e-40 3.0351092980019306e-40 5.477527814803626e-40 9.885413675777391e-40 4.88831 5.41894 -0.03003 7.29798 14.75240 19.35120 -0.11663 0
